-0.455012 0.0556
-0.284797 -0.719163
0.917772 0.0812
0.720684 0.153733
0.523485 -0.574095
-0.637094 -0.0116
-0.298188 0.0592
-0.639384 0.32526
-0.0632382 -0.961981
0.378304 -0.028
0.0411336 -1.01511
0.0562431 0.834014
0.192163 -0.80218
0.588926 0.43455
0.967199 0.0934
-0.05 0.537924
-0.0756 -0.86311
-0.0658144 0.85697
0.036 0.363214
0.0084 -0.851685
0.0887661 -0.777732
0.781936 0.100967
0.0204 -0.278415
0.492102 -0.0314
-0.864601 0.0168
0.182169 0.0226
-0.37284 -0.707205
-0.151374 0.801108
-0.0356 0.190052
-0.823919 -0.260368
0.633267 -0.420473
-0.0482 0.88963
-0.0002 0.0526834
0.571008 0.525724
-0.906372 -0.0862
-0.0136 -0.834144
-0.405503 0.673127
-0.710864 -0.254629
0.160551 0.904503
0.605856 0.481542
-0.574132 -0.290104
0.078 0.264016
0.122853 0.880259
-1.00172 -0.0978401
-0.942058 0.143927
0.0438 0.209166
-0.562918 0.36128
-0.0346 -0.520238
-0.0642 -0.47644
0.0724 -0.766859
-0.565849 -0.306023
0.63753 0.242545
0.476417 0.583829
0.0282212 -1.05522
-0.751992 0.123558
0.818844 -0.227826
-0.271456 0.668016
-0.0268 0.0344266
0.867234 0.0841167
-0.125194 -0.864058
-0.00183235 0.891253
-0.654579 0.45375
-0.0611712 1.05649
-0.867713 0.23807
-0.352575 -0.704842
0.0696 0.273189
0.0828 0.0799403
0.555913 0.318787
-0.0916 0.992541
-0.160508 -0.894929
0.103683 0.931389
0.120547 -0.923011
0.00549258 -0.906543
-0.915106 0.0291742
0.186478 -0.046
-0.914727 -0.0394525
-0.0286 -0.475013
-0.0844461 0.969046
0.296254 0.801609
0.776299 -0.27037
0.69058 -0.42284
-0.811943 -0.0592
-0.0438 0.0547403
-0.895371 0.0474951
-0.659349 -0.0314
-0.0171155 -0.936222
0.271223 0.78478
0.905089 0.0406
0.618518 -0.384028
-0.703957 -0.369017
0.859413 0.0987262
-0.315725 -0.621767
-0.632762 -0.426352
0.0938 0.824747
0.686561 -0.286569
0.402309 -0.492756
0.663474 0.441743
-0.0186 0.63501
-0.149297 -0.929333
-0.904318 0.0792776
0.406958 0.509038
-0.522723 0.016
-0.0737189 0.96539
-0.601805 0.003
-0.076852 -0.856963
-0.249114 -0.630678
0.0446 -1.05602
0.918625 -0.0864666
0.730205 0.0552
-0.788119 -0.293057
-0.0366 0.970887
-0.657629 0.458336
-0.453902 0.405242
0.724521 -0.0306
0.647674 0.438028
-0.351646 -0.655142
-0.907914 0.0725698
0.0672 -0.674889
-0.813171 -0.316936
0.133984 -0.888078
-0.138122 0.906001
0.722197 -0.418658
-0.944368 0.056
-0.531061 0.531447
0.841258 -0.0998
1.03069 -0.0482233
-0.690941 0.318676
0.444618 0.56613
0.266512 0.597441
-0.103961 1.03633
-0.0884447 0.978023
-0.369222 -0.614938
0.754291 -0.02
-0.897368 0.0684
-0.167476 0.0906
0.0308 -0.296846
-0.270326 0.649346
-0.0672 -0.786314
0.860689 -0.0262
-0.0325649 -0.922746
1.02503 -0.0753747
0.0992 -0.561609
0.0406 -0.899826
0.71495 -0.0248
0.834689 0.057
0.0626 -0.133991
-0.548779 -0.465081
0.324131 -0.0102
0.639555 0.483482
0.404471 -0.501342
-0.835717 -0.214629
0.232809 -0.657165
-0.353539 0.525687
0.896788 -0.191459
0.882548 0.152524
0.0088 -0.44327
-1.00631 0.103603
0.089 -0.306446
0.488332 -0.573327
-0.0084 -0.859857
0.043 0.44196
-0.0504 -0.444324
0.856976 0.0784
-0.3883 -0.016
-0.639666 0.315645
-0.0232 -0.410699
-0.167276 0.098
0.590412 -0.294471
-0.57058 -0.496171
0.886858 -0.0218
0.159661 -0.883614
0.361663 -0.715836
0.041 0.485783
0.792077 0.0962
-0.806315 0.151824
0.694624 0.336489
-0.41134 0.56773
0.788578 -0.116104
0.0562 0.892402
-0.419763 0.529326
0.291019 -0.0124
0.746262 0.211311
0.27828 -0.0782
-0.250849 0.710967
-0.0454 0.767693
-0.142689 -0.844583
0.517611 -0.0742
0.826199 -0.13194
0.144243 -0.739508
-0.00494648 1.03126
-0.278914 -0.664801
0.527894 0.443822
0.0752843 0.0496
-0.344984 -0.001
-0.495846 0.461728
0.993173 -0.0221005
0.693311 0.399178
0.0994 0.472954
-0.0046 -0.666289
0.694619 -0.372698
0.726433 0.0124
-0.0672 0.0356245
-0.915877 0.206877
-0.714132 0.173013
0.882606 0.115414
-0.801145 0.0074
0.0834 0.0943183
-0.0917972 0.987682
-0.510094 -0.0156
-0.071 -0.353385
-0.920707 0.0508146
-0.74353 -0.168223
-0.33166 0.53201
-0.0078 -0.65855
-0.665176 0.0978
0.780404 0.219596
-0.165967 0.095
-0.479563 0.643756
0.933698 -0.197541
0.557285 0.400855
0.83652 -0.119074
0.330289 -0.613708
-0.145943 -0.734697
-0.616395 -0.258589
-0.317329 -0.0152
-0.690418 0.448175
0.600961 -0.268083
-0.410272 0.066
0.893738 0.168204
-0.872113 -0.0788
-0.985129 -0.0855379
0.0098 0.505358
-0.675166 -0.419303
0.734201 0.386573
0.780684 0.214507
0.494313 0.381802
0.768015 -0.211903
0.775876 0.150585
-0.667521 -0.0892
-0.009 0.717147
0.22154 -0.766581
-0.830037 0.252553
0.452979 -0.646582
-0.26122 -0.774136
1.02621 0.076462
0.296977 0.625242
0.0899706 -0.0012
-0.0202 0.836943
0.0586 -0.524009
0.0444 0.741891
0.253197 -0.831938
-0.875838 -0.0704223
0.712338 0.176788
-0.260084 0.822789
-0.80408 -0.250226
0.0526 -0.914053
-0.00923463 -0.915048
0.0692 -0.452442
-0.527867 0.523045
0.0874 0.227532
0.899574 -0.200835
-0.369927 -0.0442
-0.248102 0.799698
0.154712 -0.08
0.621184 -0.0704
-0.086 -0.0409934
0.947395 -0.0588352
-0.723832 -0.212529
-0.585683 0.320696
-0.570129 0.333704
0.968288 0.157577
0.0238254 0.0386
-0.312331 -0.618373
-0.355074 0.0562
-1.04267 -0.0124826
-0.0576173 -0.881854
0.810526 0.117915
-0.119129 0.755855
0.232933 -0.735672
0.930401 -0.0968
-0.0772 0.468269
-0.870019 0.241138
0.0918 -0.315213
-0.07137 0.818321
0.535549 0.411277
0.0992 -0.135076
-0.0414 -0.243758
-0.607954 -0.507729
-0.202813 -0.758721
-0.524556 0.590561
-0.0750164 -0.954525
-0.193516 0.700418
-0.337638 0.604662
0.000181011 -0.994241
-0.14319 -0.0206
-0.002 -0.601752
0.834176 0.0254
-0.499424 -0.488414
0.939051 -0.0736844
-0.928582 0.032951
-0.053 -0.631634
-0.473868 -0.523869
-0.0420958 0.84703
-0.708585 -0.379945
0.0824 0.666267
0.468353 0.424733
0.266087 0.738155
-0.578494 0.076
0.200137 -0.0482
0.121703 0.862458
0.371241 0.552674
-0.944642 0.0440443
0.42845 -0.435785
-0.0131668 0.0236
0.0204 -0.693007
0.563791 0.383034
-0.922927 0.0745274
-0.106192 0.0578
0.468902 0.6646
-0.238513 -0.865573
0.553406 -0.544175
-0.111761 -0.781042
-0.0364447 0.934621
-0.167923 -0.856684
-0.298429 0.743998
-0.0765832 0.963863
-0.0316 -0.93394
-0.098366 -0.89032
0.660564 0.474352
-0.0490128 -0.872074
-0.93895 -0.038988
0.725309 -0.335785
-0.825109 -0.0702393
0.676536 -0.182891
-1.0021 -0.0131316
0.206814 -0.915657
0.388758 -0.729753
-0.0848467 0.781652
-0.155699 0.884182
0.0264 -0.949824
0.53298 -0.493042
0.0992 0.464156
0.393329 0.0982
-0.290189 -0.659182
0.0024 -0.797032
-0.999918 -0.0392335
-0.022 -0.167019
0.653352 0.0192
-0.700516 0.316455
0.47684 -0.636014
-0.952364 0.0247722
-0.209949 -0.930058
0.16639 -0.955232
0.147159 0.943633
0.585725 -0.0086
-0.451812 -0.017
0.48132 -0.438636
-0.0262 -0.536352
0.95305 -0.11851
-0.0354 -0.955026
-0.548313 0.418594
-0.552089 0.340148
0.163887 0.856195
-0.0862 -1.00088
0.894829 0.0322
0.589853 0.346224
-0.114183 0.914949
-0.708255 -0.184831
-0.078889 1.00851
0.545186 0.511948
-0.016 -0.629091
-0.00941095 0.881977
0.0088254 -0.0214
0.02 0.832889
0.0822 -0.576666
-0.0274863 -0.0486
0.489648 0.540899
0.871148 0.0376
-0.602393 0.396193
-0.226021 0.798021
-0.177534 0.792484
0.0413995 0.927131
0.146869 -0.883678
0.343847 0.518692
0.235155 -0.871477
-0.0746 -0.599893
-0.0116 0.0544266
0.942688 0.0864448
-0.372108 -0.557182
-0.15901 0.884265
0.451531 -0.0342
-0.0576 0.112997
-0.0466 0.475899
-0.0786 0.543126
0.556196 0.532051
-0.112167 -1.0021
-0.0044 -0.654318
0.960141 -0.156107
-0.744297 0.311706
-0.473278 0.407362
-0.0818 -0.825226
0.0002 0.224932
0.433368 0.621504
0.909679 0.166406
-0.179299 -0.800336
0.372813 -0.639349
-0.552514 0.459082
0.952399 -0.053
0.0468 -0.0449659
-0.0656 1.00266
-0.827286 -0.0366
-0.773142 0.201402
-0.793599 0.0534
-0.212406 0.785614
0.852163 0.246832
-0.518268 0.0884
0.354007 -0.762241
0.196471 -0.877351
0.52607 -0.0732
-0.944 0.188087
0.0872 0.487328
-0.361884 0.702038
-0.529242 0.541468
0.0314 -0.0715385
0.0428 0.824087
0.604837 -0.330109
0.284817 0.079
0.581816 0.518876
-0.539507 -0.486797
0.523847 -0.495386
-0.551808 -0.0568
-0.738943 -0.197983
0.610137 0.468776
0.0373928 -0.919049
-0.44918 0.617288
-0.288896 -0.846585
0.0174 0.94143
-0.944364 -0.0109464
-0.645672 -0.337075
-0.398921 -0.737692
0.809274 0.259457
-0.247447 0.0264
0.773389 -0.174851
-0.635378 0.0924
-0.946825 0.0952
0.0068 0.214166
-0.590091 0.284327
0.741049 0.259234
-0.510977 0.383806
0.0704 0.658638
0.166678 -0.0806
0.525404 -0.466111
-0.0276998 -1.0376
-0.474637 0.627186
-0.698436 0.249804
0.0974843 0.0288
0.360495 -0.745571
0.319079 0.585886
0.0370548 -0.023
-0.611037 0.0204
-0.747127 0.302937
-0.205112 0.793474
0.146573 0.842962
-0.687835 0.0174
-0.0954 0.284818
-0.28762 0.671651
-0.0838 0.476497
0.337867 -0.776118
0.465609 0.463963
-0.0638 0.0363677
0.887088 -0.0158974
-0.0979209 -0.926404
-0.197761 0.0294
-0.0036 -1.01468
-0.0254 -0.239758
0.0504825 -0.816581
-0.406774 0.54684
0.560752 -0.048
-0.820374 0.0543264
-0.943147 0.0384678
-0.635972 0.387221
-0.430111 -0.655025
0.846181 0.0313486
0.0716 0.145168
0.896403 0.0433515
-0.0068 -0.424215
0.390758 0.0654
0.0224 0.802002
-0.579586 -0.298226
0.861034 0.263417
-0.0802 -0.381211
-0.0856 -0.413728
-0.0425268 -0.877712
0.222351 0.837329
0.611384 0.0494
0.027 -0.470352
-0.869432 -0.0881416
-0.0948 0.275736
-0.0852 -0.444354
-0.0216 0.613754
0.696237 -0.404172
0.492498 -0.644681
-0.0546 0.0681128
0.600954 -0.073
-0.0679425 -1.01748
0.0216146 -0.890987
-0.187581 -0.763205
0.689605 -0.0118
0.0608 -0.677207
0.0969516 0.800094
-0.758158 -0.325846
0.666803 0.349885
0.095 0.725291
-0.782633 -0.0168
-0.698035 0.0724
-0.826052 0.060811
-0.0494 -0.255328
0.791555 0.0712668
0.886142 0.00156971
0.134346 0.739223
-0.12463 -0.940706
0.224611 0.711184
-0.274326 0.718603
-0.717803 -0.0698
-0.861554 -0.202934
0.009 0.324189
0.955781 0.12285
-0.765803 0.0166
-0.764441 -0.17588
0.330774 -0.625385
0.889651 -0.0218191
-0.274102 0.691675
-0.0326108 -0.934747
0.0592 0.781059
0.482318 0.632517
0.0920254 0.0548
-0.118053 -0.0838
-0.0286651 0.941636
0.0924 0.338216
0.51876 -0.57882
-0.54688 0.569369
-0.443057 0.69101
-0.0976 1.02643
0.0666 -0.148707
0.839487 -0.0716
0.516034 0.365172
0.373674 -0.0658
-0.0996 -0.134193
0.958831 -0.0912013
-0.668603 -0.324326
0.930587 -0.0496636
-0.591383 0.376939
0.448594 -0.687453
-0.0392 0.437414
0.945342 -0.0606
0.512415 0.0778
0.663488 -0.465205
-0.303623 0.795372
0.824581 -0.116588
-0.775836 -0.346918
0.0852 -0.680148
0.0537381 -1.02206
-0.71838 -0.421344
0.76921 0.255115
-0.0513648 0.066
-0.509698 -0.0456
0.962343 -0.14542
0.0954 -0.0763734
-0.747268 -0.13705
-0.231093 0.65775
-0.704951 -0.0334
0.853548 -0.0502
-0.959025 0.0612
0.0192 0.652867
0.608359 0.458109
-0.0492 -0.678863
-0.108368 -0.87749
0.0762 -0.750375
0.689873 -0.305602
-0.6152 0.266289
-0.180527 0.886507
-0.0518 1.00666
-0.293561 0.720581
-0.418211 -0.614033
-0.0232 -1.00294
0.6829 -0.296735
0.0214 -0.203846
0.0176 -0.252732
0.152753 0.758151
-0.04 0.352589
-0.330957 -0.0432
0.0476 0.194248
0.509989 -0.511224
0.535872 -0.0468
0.695548 -0.339808
-0.00657966 0.85511
-0.960525 0.0309531
0.520786 -0.03
-1.00513 -0.0208875
-0.0774 -0.54335
-1.00438 0.100268
-0.784421 -0.300714
0.324293 0.789692
0.234451 0.0314
-0.529424 0.573531
0.0802 -0.198646
-0.0135926 0.997155
0.576339 0.4873
-0.0631133 -1.04041
-0.148128 -0.972928
-0.077 -0.442583
-1.01023 -0.0972536
-0.300563 -0.0046
0.71951 -0.404658
0.977944 -0.0016
0.633171 0.474309
-0.0648 1.03511
0.344476 0.7268
-0.701127 -0.237779
0.766075 -0.225439
1.00632 0.11041
0.0098 -0.249501
1.05601 -0.0517641
-0.695064 0.011
-0.0756 -0.549811
0.744058 0.223981
-0.116881 -0.0342
0.460558 0.556695
-0.753614 -0.308612
-0.236302 0.09
0.566115 0.32499
-0.0615079 -0.0778
0.0482 0.0321128
0.977657 0.0149921
-0.63121 -0.0762
-0.841832 0.127904
-0.112622 -0.0684
-0.0844 0.333103
-0.176323 0.859598
0.142168 0.970121
0.348314 0.707972
0.685654 0.204603
0.255944 -0.754521
0.00552013 0.92095
-0.273274 -0.066
-0.948105 -0.191902
0.905915 0.065
0.541268 -0.0074
0.0806 0.991112
-0.0602 -0.389724
-0.369804 0.757476
0.18855 -0.914688
0.963416 -0.128225
-0.270716 -0.743144
0.896646 -0.11693
-0.0166 0.740145
-0.898858 -0.0772
0.300608 -0.585123
0.0695991 0.797182
-0.977033 -0.00175399
-0.522856 0.429626
0.491502 -0.0056
-0.056 0.27682
-0.451101 -0.658076
-0.0854 0.472354
-0.923067 0.0220615
0.922448 0.16891
-0.868621 0.175219
0.0602 -0.341326
0.164995 0.701221
0.360302 0.0528
-0.32867 0.0838
-0.519001 -0.486656
-0.119152 -0.790338
-0.356014 -0.0786
-0.036 -0.0901619
-0.270574 -0.717264
0.0650518 -0.924483
0.80169 -0.127882
0.885172 0.0072
-0.666864 -0.351238
0.55347 0.0028
0.0808 0.18025
-0.525324 -0.470434
-0.483382 -0.0264
-0.316186 0.0636
0.72919 -0.367543
-0.63086 -0.236487
-0.952825 -0.0204
0.654894 -0.0184
-0.0633186 -0.926423
0.496615 -0.368752
-0.0378589 0.991473
-0.189476 0.781108
-0.743005 -0.0484
-0.872923 -0.0117992
-0.347403 -0.715388
0.492944 0.499137
-0.295074 -0.0778
0.0082 -0.952542
0.946508 0.165215
-0.462376 -0.644539
0.031 0.734093
0.438847 0.041
0.41421 -0.573628
0.102836 1.03604
0.714696 0.0342
-0.198305 0.919074
-0.391039 0.710784
0.0784 0.532785
0.415265 0.575685
-0.688784 -0.344874
-0.0774 -0.707461
-0.704697 0.319061
0.784765 0.167718
0.578457 -0.561551
0.840886 -0.128567
-0.395139 0.667369
0.356702 -0.007
-0.112888 0.814987
0.0664 0.863487
0.249965 0.0442
-0.0343229 -0.827367
-0.06311 -0.0196
-0.082 -0.608518
-0.0326 -0.309642
-0.0332346 -1.06519
-0.639128 -0.488152
0.0828 0.961085
0.045 0.825
-0.0704 -0.944169
-0.554039 0.031
0.943154 0.0540177
0.673864 -0.0242
-0.0330685 1.00568
-0.494115 -0.626376
-0.0032 0.315844
-0.350774 -0.549948
-0.230266 -0.674699
0.0986 -0.489922
-0.31863 0.554091
0.821656 0.230104
0.511549 0.587163
0.869171 0.0471074
0.466658 -0.570112
0.779069 0.309178
0.0946 0.303448
0.597913 -0.486374
-0.129941 0.993944
-0.122445 -0.762438
0.523213 0.0962
0.445324 -0.565424
-0.468843 0.0862
0.738622 -0.282592
-0.4555 0.0192
0.393872 0.0732
-0.196713 -0.900302
0.313124 0.807367
-0.0472 0.253189
-0.37956 0.695676
-0.0228 -0.500811
0.922444 -0.124225
0.246347 -0.762987
0.0582 0.237246
-0.0542 0.377189
0.0104 0.203964
-0.129222 -0.0142
-0.402388 0.0626
-0.595721 0.0898
0.021 -0.118393
-0.583649 -0.377319
0.875555 -0.181296
-0.750338 0.261542
0.558316 0.46318
0.0156 0.747804
0.947112 -0.0226313
-0.350552 -0.564312
-1.02129 0.0975016
0.200623 -0.0526
0.451385 0.512977
-0.0694531 0.0534
-0.733935 -0.253054
0.839744 -0.0432
-0.886254 -0.0048
1.0642 -0.0106
-0.89329 0.160451
0.698436 -0.264512
0.647298 0.0774
0.0642 0.481785
-0.530273 -0.446251
0.704843 -0.386515
0.836198 -0.0597157
-0.756865 0.345807
-0.0164 0.932659
0.944264 0.0271684
0.118406 -0.909029
0.0644 0.79763
-0.015 -0.811971
-0.55678 -0.358367
0.164424 -0.695286
0.770359 0.141111
-0.741614 -0.325137
-1.01176 0.0247722
0.350557 0.789167
-0.838221 -0.276896
0.525828 -0.511224
-0.068 0.907341
-0.793226 0.202532
0.0796 0.535497
-0.957962 -0.117274
0.099 0.801689
0.11253 0.771221
0.0742 0.584893
0.66193 -0.297058
0.0502 0.748089
-0.432169 -0.45922
-0.145165 -0.0484
0.0426 0.410069
-0.332898 -0.705003
-0.82396 -0.218467
0.726644 -0.406292
-0.483623 0.434919
0.489084 0.527604
-0.236268 -0.795976
0.43559 0.0414
-0.599707 0.376817
-0.0366 0.954885
-0.13931 0.782342
0.258795 -0.815593
-0.583147 -0.499726
0.888486 0.0215697
0.0858 0.26316
0.330617 -0.01
-0.107224 0.0968
-0.0252903 0.926344
0.058 -0.661889
-0.642438 -0.254324
-0.109922 -0.890078
-0.658821 -0.284893
-0.899884 0.0002
0.18968 -0.795047
0.263559 -0.695995
-0.469564 0.643856
-0.834917 -0.0388
0.0478 -0.762371
-0.770706 -0.312167
0.0575022 0.930789
-0.0771126 -0.880461
-0.000688312 -0.0826
0.709635 -0.071
-0.0299015 -1.10174
-0.884262 -0.138931
-0.0126 0.279507
-0.0598 -0.573181
-0.0096 -0.518266
0.208765 -0.0326
0.235443 0.724676
-0.015 0.197534
-0.261074 0.70357
0.291299 0.602352
-0.0808 0.474583
0.778017 0.197093
-0.0596 -0.194503
-0.234331 -0.0294
-0.670178 0.0884
-0.0566 0.462526
-0.590398 -0.517082
0.0194545 -0.974606
0.0190133 0.969673
-0.0314945 -0.859045
-0.527951 -0.575852
-0.311417 0.725069
-0.011 -0.192874
0.334187 -0.548999
0.0688569 0.0108
-0.517098 0.0216
-0.0572 0.373042
0.0662606 0.075
0.11431 0.93943
-0.221457 0.801736
-0.446755 0.611794
-0.87267 -0.241599
0.741127 -0.267075
-0.246714 -0.838422
0.291274 -0.0416
-0.0964 -0.251672
0.0186 -0.669203
-0.021 -0.72443
0.233928 0.877512
0.521156 -0.0296
-0.602231 0.407952
0.395762 0.0892
-0.713651 0.411082
0.537443 0.0104
0.560125 -0.072
0.0448 0.239707
0.871698 -0.235782
-0.434155 0.0056
-0.491221 0.432412
-0.492657 -0.415419
-0.815535 -0.267903
0.827247 -0.142772
-0.665024 -0.410212
0.440395 -0.690278
-0.0806 -0.371615
0.031 0.0366266
0.32009 -0.789653
-0.157624 -0.083
0.0112 0.831773
-0.0227903 -1.06635
-0.0344 0.912598
0.819574 0.0934
0.0518 0.862428
0.560278 0.440005
0.98192 0.00992174
0.813603 0.0452
0.480931 0.0738
-1.02495 0.105441
0.970084 0.046887
-0.0178 0.592379
0.267466 0.808619
-0.408005 0.486212
-0.40245 0.45726
0.571079 -0.335017
-0.195624 -0.916382
0.123923 0.850621
0.490073 -0.607225
0.547268 0.0136
-0.0640659 -0.924059
0.850201 0.0046
-0.0560384 1.00081
0.332392 0.0396
-0.477989 -0.452149
-0.586458 -0.28598
0.209165 0.0908
-0.880231 -0.0526
-0.699727 0.242573
-0.0064 0.576956
0.304508 -0.0132
0.0770697 -0.822238
0.415647 -0.0326
0.0116 -0.165019
-0.828599 0.0578
0.991641 0.0855754
-0.610129 0.326231
0.790925 -0.125919
-0.0782 0.0388834
0.0121267 0.894181
-0.0501403 1.08619
-0.0134 0.227252
0.506272 -0.446493
-0.681831 -0.197112
-0.43593 -0.653731
-0.830163 -0.295137
0.545188 0.503744
-0.25641 -0.668637
0.806002 0.294407
0.417687 -0.649064
0.0707513 0.981857
-1.00182 0.0629517
0.197681 -0.931012
-0.236303 0.630478
-0.831947 -0.0614
0.929332 -0.159197
0.146911 -0.802177
