-0.0436 1.5628
1.9562 1.6232
1.9588 1.6576
0.0306 3.022
1.8444 0.0692
0.4564 3.0764
0.908 1.0784
0.9404 0.0622
0.995 2.3434
2.028 1.9294
0.657 1.0756
-0.0632 1.2848
1.662 0.0388
1.9112 2.0406
0.9214 1.2134
0.9458 0.9202
0.9444 2.1542
1.0394 0.2724
1.0444 2.0116
2.0266 0.3332
1.1106 1.0566
0.4072 0.9486
1.0184 0.2478
1.9774 2.5052
0.0336 0.7338
0.0702 0.7588
0.5306 3.089
1.0172 0.0398
1.9956 2.8344
2.0842 1.6702
1.1196 0.05
-0.0894 1.4832
1.2964 3.0334
0.0798 2.9166
0.9418 2.008
0.2566 -0.0876
0.0774 0.07
1.668 0.0638
0.2902 0.0892
1.3674 0.0368
1.4748 -0.0796
1.914 1.3128
0.0516 2.0186
1.3104 2.9608
0.2058 0.9552
2.0022 2.9772
0.4804 -0.0706
0.07 0.4912
0.9668 3.0504
-0.01 1.0554
1.9354 -0.0436
1.6538 1.0404
-0.0458 2.3782
1.1018 2.9026
1.921 1.8848
1.6618 2.9696
0.498 0.0104
0.9296 0.8644
1.059 1.4346
0.1584 0.0138
1.1984 0.0962
1.2082 1.9146
0.0792 0.085
0.9238 1.1746
1.0798 2.3892
2 1.9594
1.6622 3.0604
1.1156 2.0982
0.4474 0.925
0.9712 1.2898
1.0124 2.9604
0.0364 2.5118
0.052 0.3358
1.0508 1.9618
1.6086 2.9646
2.0208 0.8394
1.9624 2.2616
0.9746 2.483
0.1598 0.087
0.2108 3.012
0.9558 0.1544
0.9368 2.1838
1.931 0.7868
1.0988 2.6642
2.0772 1.975
0.0668 2.7892
2.014 2.0634
1.5236 3.0622
0.9114 -0.0886
0.532 3.0924
1.4952 1.0644
1.0904 0.8422
1.7648 3.025
0.8882 1.0306
2.0016 1.4974
2.0872 1.2564
-0.001 0.0852
1.9006 1.6636
2.0528 2.7524
2.0064 2.4878
1.9984 3.0666
1.067 2.0132
1.0576 2.0124
1.9754 2.7626
0.617 2.0072
1.9078 2.1774
0.392 2.0854
1.092 2.166
1.1652 2.9212
0.079 1.6622
2.0954 1.9724
0.7258 0.9424
2.05 2.3172
1.037 2.3524
1.9108 2.0774
0.087 1.5052
1.041 0.1654
0.0232 0.0968
1.8418 1.0802
1.9584 2.3074
0.9022 0.9306
0.9482 2.1302
0.2996 1.9174
-0.0082 2.9842
0.0764 0.2554
1.5292 -0.0134
0.9136 0.6364
0.0876 2.0838
2.0728 0.6268
1.8066 2.98
1.7742 2.9462
0.9726 1.951
2.0594 2.1052
0.6072 2.072
0.0634 1.0038
0.9236 1.9048
1.8788 3.048
2.046 2.2936
0.9128 0.9706
1.7482 2.9974
-0.0782 1.578
0.5512 0.9964
1.4048 1.9234
1.028 1.6694
0.0868 1.911
1.3858 0.0642
1.9554 2.017
0.0298 1.1154
1.5932 0.088
1.0266 1.95
1.3334 1.9086
1.0556 1.1892
0.9576 1.8802
1.9636 2.3796
0.0324 1.1854
0.0954 1.9194
0.9796 0.0138
-0.083 0.769
1.5802 3.0474
1.078 2.185
1.5048 3.0534
1.7912 2.0282
0.7342 0.0188
0.0804 -0.0924
1.0864 1.903
1.8586 -0.0358
2.0718 3.0654
2.0804 1.5596
1.934 1.877
1.7668 0.978
1.5856 1.9594
1.7066 3.0486
0.0936 0.9078
2.0866 2.7538
1.0082 0.215
0.5368 2.0598
0.2168 -0.0256
0.9868 1.0016
1.891 1.073
1.2532 0.0578
1.7406 2.9462
0.5464 -0.0756
0.8198 1.9296
1.055 1.3356
0.3382 3.0392
0.6162 1.9368
1.9872 2.3938
1.7874 2.9118
2.0212 2.5444
1.0368 0.6692
1.0828 0.3252
0.336 2.0462
1.0646 2.5098
0.3044 2.955
1.258 -0.0446
1.988 0.9494
1.2656 1.0482
1.5992 2.9366
0.055 1.0154
2.0524 2.7652
1.133 2.9294
2.0394 0.5324
1.8622 2.0394
0.9752 1.4534
0.7212 3.0804
1.0142 1.9516
0.9836 0.9494
0.0202 1.1042
-0.0222 2.059
1.9428 0.7914
1.9466 1.0618
1.0384 2.0128
1.0116 1.2088
0.2828 -0.0622
1.513 3.0358
0.467 0.9082
0.9564 0.96
0.8652 1.0808
1.8104 0.9046
-0.021 1.2168
0.4096 0.9356
1.7998 3.0444
0.7992 2.0208
2.003 0.0564
0.6966 0.0322
1.5304 -0.0508
1.6826 1.0626
0.02 1.8744
1.304 3.0512
0.678 2.0268
-0.0922 2.3158
0.5452 -0.077
-0.0398 1.5734
1.3082 2.0422
0.4186 0.9278
0.831 -0.063
0.1966 -0.074
0.0616 0.3854
1.922 0.2454
0.388 3.069
1.067 1.9558
0.855 1.0828
0.9228 2.7416
1.8352 1.9782
1.065 2.3744
0.9842 2.0674
0.9226 0.5762
2.0246 1.621
1.2172 1.0286
-0.0722 2.186
1.9556 1.8938
1.8386 2.9808
1.0602 -0.0816
1.0682 2.4438
1.072 3.0352
0.9088 1.9634
1.9582 -0.0328
0.0494 1.667
0.7068 1.9808
1.6082 3.0616
-0.078 0.7012
2.0238 2.3376
2.0714 1.023
1.6118 -0.0202
0.0754 0.8806
1.6278 3.092
0.0106 0.6328
0.673 2.0192
0.3922 1.079
2.0302 1.5404
0.927 0.4566
1.993 2.1822
0.957 0.638
1.0304 2.6608
1.7188 1.9276
1.9556 1.1304
1.0618 1.7116
0.023 0.819
1.103 2.9128
0.456 0.917
1.0688 2.6734
1.5926 -0.0578
-0.0576 0.2588
1.9738 2.634
2.0284 1.7864
0.6296 2.0962
0.958 1.6064
1.962 2.464
1.4838 0.045
-0.0318 0.2262
0.0984 1.0258
0.7318 1.0496
1.0034 2.0358
0.9444 2.188
1.1654 1.0854
1.4774 3.032
0.9478 1.8592
1.642 2.9928
1.0196 0.2908
0.1948 0.0292
1.048 0.9674
-0.0426 0.1786
-0.0246 2.6908
0.9688 0.0622
1.0916 2.0752
0.1148 1.9344
-0.073 2.0876
1.9486 0.0884
0.9878 2.9522
2.0988 1.0696
2.0346 0.9844
2.0498 1.7094
0.084 1.8544
0.3098 0.0548
2.003 2.1644
1.045 0.149
0.4952 3.0336
0.848 -0.0456
1.7396 0.986
1.9342 3.049
0.9006 2.5986
0.8398 2.9542
1.0762 2.8914
2.009 2.0346
0.1262 2.9102
0.847 1.0138
0.988 2.2964
0.6728 1.9278
-0.0608 1.2064
0.6086 1.9424
1.0712 2.3156
1.1784 0.9104
2.0282 2.7422
0.818 2.0232
-0.0258 2.3382
0.0252 2.4032
1.0348 1.5092
1.4274 2.0944
0.928 1.2574
1.0448 1.317
1.0034 0.9142
1.9448 0.4908
1.4358 0.0084
0.11 2.9918
0.0612 0.373
2.0944 1.066
2.0694 0.4738
1.929 0.5454
0.4956 0.038
0.6826 0.9688
2.008 2.9564
0.9914 0.225
0.0452 2.0162
2.0372 2.953
0.0984 0.5272
0.9826 2.919
1.0168 0.0642
0.4808 0.9722
0.4218 0.9812
0.9994 1.2422
1.6392 1.0802
1.269 2.017
1.4872 1.953
1.9228 -0.0556
1.2722 2.0276
0.0584 2.7932
1.364 -0.0526
1.9452 0.0778
1.009 2.2558
0.9908 2.0976
2.0112 0.7926
1.9446 2.815
1.13 0.0976
1.3866 -0.0726
1.1004 2.9568
0.4572 -0.08
0.0368 0.4544
0.0042 1.8336
0.0848 0.1292
1.0598 1.6658
1.0818 0.8024
-0.0626 1.1214
0.0182 0.5384
0.138 2.9328
-0.0992 0.0122
1.436 3.0864
2.0086 1.7658
0.8582 2.007
0.1774 0.0736
1.9728 0.8054
1.2028 2.9036
0.9848 1.9574
1.2342 2.971
0.0094 0.1166
0.4848 0.0452
0.6128 0.9158
2.042 1.9944
1.9396 1.1334
1.3948 2.9698
0.944 0.643
1.5678 3.0866
0.3192 2.978
0.1084 2.0628
0.7656 0.0152
1.1228 1.9618
1.0862 1.6108
0.0428 0.5704
-0.037 2.7528
1.2028 2.0996
1.9896 0.7244
-0.055 0.756
0.0834 0.6722
2.0408 1.817
1.981 -0.0396
1.6072 -0.028
1.9138 0.937
1.0152 0.8636
1.9862 0.0364
0.9404 2.9384
2.0214 2.5574
0.9484 0.0222
2.0008 0.972
0.0784 0.7206
0.4748 2.9292
1.6314 1.9692
1.2382 1.0914
0.9616 0.4676
0.1882 0.9716
0.9742 1.3538
0.9612 2.656
0.2386 0.9304
1.5054 0.0034
1.0084 0.6626
1.7382 -0.0758
1.9448 0.2672
0.5414 -0.0082
1.3496 2.9384
1.9114 2.769
2.0052 0.7248
0.5796 2.0384
-0.0276 -0.0298
1.0568 2.8242
1.0578 0.6288
1.7158 2.9584
1.1258 2.904
0.8606 1.0836
1.6438 -0.0876
0.1366 1.9652
1.9262 1.396
1.5256 0.9634
0.4164 0.0342
0.2424 3.0052
0.6404 0.0124
-0.0848 2.8016
1.4996 3.0342
2.0444 2.3692
0.5108 0.9502
1.083 2.9574
1.9968 3.0408
1.3728 3.0214
-0.0518 0.9596
0.0966 2.4834
2.0632 1.3614
2.0836 1.6952
1.4036 0.9652
1.011 2.744
1.5994 2.0666
0.8398 1.0762
1.0242 1.5164
1.0412 0.9664
-0.0792 2.11
0.1792 1.9122
0.0096 2.235
0.08 3.0024
0.6246 -0.0546
2.0362 0.5024
0.3466 1.901
0.4116 -0.0312
0.3688 0.9586
2.0092 0.7058
0.9058 1.0566
0.045 1.6814
-0.0016 1.8486
0.928 -0.0988
0.9104 0.153
-0.0766 0.466
1.32 0.9788
1.0084 1.2342
1.8194 1.0486
2.0496 2.9274
1.6174 -0.026
-0.0176 2.1942
0.5498 3.0026
1.9898 0.7662
0.9726 1.3634
0.4196 -0.0916
0.0544 0.0528
1.744 2.9042
1.7704 0.982
0.019 2.087
-0.0126 1.1148
1.078 1.9084
0.3276 1.9468
0.9548 2.5188
1.9622 2.1496
2.0006 2.0342
0.089 2.0918
0.5436 0.9046
0.217 3.0752
0.6122 0.0956
0.069 1.3352
1.9242 1.2506
0.041 1.4812
1.945 1.5802
1.0196 0.9758
1.026 3.0196
1.9512 -0.0108
2.0512 0.264
-0.0148 2.4408
0.0688 0.1938
1.9694 1.4354
0.365 0.9374
-0.0012 1.6964
0.9704 1.2738
0.4052 2.9188
0.5192 2.0126
0.9134 0.6466
1.4638 1.9346
1.6142 1.0684
1.7622 1.0578
1.7918 1.9968
-0.0144 0.435
0.9978 -0.0012
1.2986 0.9484
1.9302 2.0634
0.9524 2.3914
2.0404 1.1442
0.09 0.927
0.0558 1.2418
0.3582 2.9426
1.0008 2.4536
0.4108 1.993
0.0896 1.6566
-0.0962 -0.042
-0.0888 0.7844
0.9362 2.7494
-0.016 2.9932
1.2744 2.0476
1.3606 2.9932
1.0306 1.9832
0.9382 2.9772
2.0362 2.5484
0.7486 0.9092
1.4902 2.0078
1.9154 1.1754
1.0744 2.2134
0.7712 2.0852
1.9278 2.603
1.0278 2.4756
-0.0456 2.0336
-0.0198 1.9362
0.9674 1.4908
1.543 2.9592
0.9424 -0.088
0.0094 1.5172
1.8548 -0.0088
1.823 3.0788
1.8296 2.9288
-0.0894 2.0038
2.0336 2.562
0.6868 0.9468
0.7502 -0.04
2.0802 1.0972
1.0922 1.9884
1.6182 2.9294
0.7708 -0.0316
0.803 3.0238
0.0778 1.635
-0.1 -0.0944
0.0624 0.7656
1.994 2.6314
0.2186 1.0862
1.3594 1.9338
1.6206 3.0684
-0.0744 1.0036
0.5574 1.0446
0.218 1.0644
1.087 0.8648
-0.0548 2.0422
1.3084 1.9336
0.1 2.0014
1.1586 1.9878
0.872 3.0134
0.3884 2.9926
1.4442 0.965
0.94 2.3836
0.5626 0.9714
0.0946 2.49
-0.0512 0.5208
1.2176 -0.0232
2.006 1.112
1.1798 3.0282
2.0888 1.8236
1.0524 0.158
2.0444 0.4582
0.2262 2.9846
1.961 0.3538
0.9092 1.018
1.5844 1.0848
1.2464 2.9234
1.6464 -0.0674
0.4734 3.0978
0.4586 1.9396
1.4324 1.9038
0.7564 0.9016
0.086 0.3196
1.9262 1.0298
2.0134 0.7286
-0.0106 1.8354
0.9032 0.0892
1.0614 0.089
0.0478 2.448
0.5986 3.0656
0.7482 1.0146
2.0818 0.734
0.0892 0.297
1.275 0.004
0.5028 1.0336
1.048 0.078
1.0778 1.1802
2.045 1.1812
2.0492 3.0964
0.0222 0.7516
0.486 1.0026
0.6466 -0.0172
0.6884 0.9032
1.541 1.9302
0.9344 0.796
0.7948 0.9164
1.9768 0.5512
1.0358 2.423
0.1746 -0.0864
0.0066 0.279
0.019 2.7812
0.981 0.8008
1.4488 -0.0174
0.3086 1.9814
0.0478 0.5558
0.4088 0.0366
1.2938 1.057
1.0378 1.3208
1.936 1.3422
0.2106 -0.0988
2.0188 1.9868
1.5412 2.926
1.109 1.9192
1.9478 2.2212
0.8298 2.9468
0.8432 0.9248
-0.0628 1.673
1.0982 0.098
-0.0332 1.9406
1.0196 2.4792
0.9262 0.0262
0.1518 1.0304
2.0866 0.8944
0.5336 2.9312
1.0776 2.9844
-0.0664 0.5942
2.0582 0.8428
1.9846 0.6124
1.046 2.9802
1.197 0.9128
1.3868 2.9894
1.9438 2.6292
2.054 1.5354
1.3364 0.9194
1.0082 2.3012
1.6314 2.0824
1.7558 1.9092
-0.0166 1.388
0.099 2.9922
0.025 -0.0452
0.0788 0.9972
1.0706 0.718
2.0658 0.3008
0.7314 0.065
1.0516 2.1426
1.9918 3.0308
0.8726 2.0244
0.1428 1.9752
1.0432 2.817
1.2572 1.9674
-0.0624 2.0788
0.0878 0.9272
0.6616 1.9732
0.941 1.3162
0.0188 0.3396
0.0816 1.0294
2.0624 0.4972
1.0992 0.53
0.0372 0.4792
0.032 1.4816
0.1696 0.9518
0.0338 2.6858
1.6382 2.0418
0.0212 1.384
1.957 1.9602
0.0066 1.8136
0.936 1.1228
1.9502 2.4664
1.33 1.9332
0.9284 0.9136
1.8394 1.9154
1.6446 2.0608
1.5328 2.9324
1.0606 2.9242
0.307 1.9274
0.9718 2.809
1.3158 2.0532
1.0982 3.025
0.0182 0.0724
0.9656 2.7118
0.75 0.0396
0.9202 1.1082
1.0262 0.1452
0.9304 0.368
1.957 2.7856
0.089 0.309
0.3318 0.0642
0.4844 -0.0214
1.9948 2.2084
0.3144 1.999
0.0612 0.0452
-0.0398 1.5204
0.6118 2.0668
0.0054 1.3904
0.0952 0.1066
0.5784 1.0168
1.0952 2.653
1.329 1.056
1.9342 2.5716
1.7962 0.9322
2.027 2.4072
1.9922 0.082
0.921 2.4764
0.0632 1.772
0.9344 2.772
1.6982 2.97
1.0974 1.0024
0.2486 3.025
0.7 2.0594
-0.013 0.1696
0.9398 0.5058
1.2312 0.0824
0.0164 0.017
-0.0384 0.8006
2.0898 0.279
1.3182 0.048
1.0146 2.7086
0.1518 1.9556
0.9666 -0.048
0.4172 0.0518
1.9286 2.8552
0.9142 1.517
1.1154 -0.095
0.9844 1.414
1.9678 0.9116
1.1588 2.9876
0.7386 0.0414
0.931 -0.0736
1.8726 2.9178
0.0008 2.3028
0.6508 1.0662
1.9282 0.0896
0.149 2.0654
1.3146 -0.0918
1.3572 1.9992
-0.0484 0.769
0.0942 3.0196
0.9266 0.9362
0.7514 1.0226
1.458 0.9552
2.0744 0.7472
1.9248 1.835
0.9112 1.0328
-0.0948 1.2802
0.9238 3.0034
-0.0668 1.4716
1.0452 0.6984
1.7872 0.0024
-0.0906 0.8786
2.011 0.5012
0.9598 2.6856
1.038 0.9244
1.934 0.0324
1.9584 2.245
1.9066 0.031
1.9546 0.6324
1.169 0.0804
0.0154 1.114
0.3862 -0.044
0.0916 0.7696
1.1636 2.9308
-0.0158 0.138
0.9502 0.9652
1.1994 2.0242
1.231 3.0462
0.9976 1.6404
0.9294 0.0132
0.9024 0.1782
-0.0982 2.8102
0.9742 0.643
-0.0618 2.8386
2.0962 2.2824
1.04 2.427
0.7398 1.9304
1.4538 2.0934
1.9702 0.9558
1.8266 -0.0598
1.9822 0.9652
0.973 0.1836
1.2802 1.0416
0.665 2.085
0.9574 3.0284
0.2746 0.021
1.2866 2.9556
2.0944 1.6468
1.2488 2.0292
0.6748 0.098
1.3562 2.978
0.0614 2.6878
1.2524 3.0434
1.947 1.4412
0.9192 1.6614
0.0162 -0.0212
-0.0032 1.0672
2.028 0.496
1.9014 2.3286
0.9386 2.574
1.2436 0.9712
0.3794 2.989
0.8632 1.993
1.825 2.9344
0.5358 2.0782
0.4472 2.04
2.0126 0.3636
1.4202 1.931
0.2164 1.0332
1.0856 0.1504
1.9758 0.041
2.0288 0.6634
1.0982 2.3294
0.044 2.5492
0.9842 1.137
1.353 -0.085
1.3302 1.9576
0.1744 1.0434
-0.0392 1.6918
1.2546 3.0168
1.1 0.6652
1.0216 2.3166
0.337 0.9206
-0.056 1.9394
0.994 0.599
1.9872 1.1328
0.0134 0.3014
0.9328 1.6498
0.449 0.9172
0.1922 2.038
-0.069 0.8844
2.0682 2.3366
1.9146 1.833
0.9474 1.9274
0.061 1.7898
0.0856 1.3836
1.6908 0.974
1.9738 1.8776
1.9002 0.8472
1.28 2.0508
0.7148 1.0898
-0.071 1.5366
-0.0128 2.556
2.0806 0.8354
2.0516 0.7982
2.0844 0.214
0.9846 1.6504
0.0796 1.7148
0.0722 2.9318
1.0284 3.026
0.6542 1.9328
1.3764 -0.0676
0.0204 2.8556
2.0096 1.935
0.4436 0.9944
0.8712 2.9746
-0.0986 1.1074
0.2546 2.0792
0.0588 2.0466
0.969 -0.0748
0.9798 2.68
-0.03 1.4666
1.931 0.6138
2.0032 1.1874
0.9638 1.5318
0.6862 3.0588
2.0014 0.9144
1.4684 0.9008
1.6518 2.0252
1.8242 2.0596
0.0146 2.0386
2.0732 1.8182
2.0432 1.8384
1.028 1.12
0.7038 -0.0232
-0.0542 2.6896
0.967 2.9436
1.098 2.9764
1.942 2.0128
1.0162 0.3362
-0.0654 0.3884
0.0944 1.1876
1.7952 1.9896
1.0064 1.433
-0.0152 0.9704
0.2434 0.0388
0.0204 0.9518
-0.0088 0.682
0.9304 1.6556
1.8252 3.0208
1.2126 2.0462
0.95 0.1514
0.04 1.6172
1.0494 1.1906
1.8578 1.988
0.0836 1.9858
0.0964 2.7256
2.0568 2.8522
1.911 2.2102
0.9182 0.9704
0.1158 3.0558
0.6514 0.0788
1.9602 2.3398
0.059 1.4774
0.046 -0.053
0.9178 0.225
-0.0688 2.0288
0.3738 0.9148
1.3022 0.0128
0.5262 3.0196
0.9754 1.506
1.0346 1.8846
1.904 0.6704
1.9386 2.0722
0.4312 -0.0912
0.0876 1.2398
2.0492 0.4248
1.0616 2.2706
1.051 0.7214
1.0984 2.7802
1.3426 0.9952
1.9642 1.4342
1.3286 -0.0334
0.0984 3.0648
0.0734 1.0274
2.0114 0.822
1.228 3.0298
1.3324 3.0348
0.0882 2.0356
1.037 3.0788
1.3446 0.908
0.9138 0.5512
0.9126 2.0594
1.9874 0.0798
0.2606 2.9318
0.1936 0.0904
1.6532 3.064
0.9732 2.0316
0.222 0.9226
0.9428 0.7712
2.0406 2.9246
0.0714 1.1682
1.9834 0.6622
0.0392 2.9014
0.7788 2.966
-0.0058 -0.0372
1.2772 -0.0328
1.0576 2.955
0.2688 2.9696
0.9674 1.2978
2.0288 1.0364
1.9496 1.1382
0.0936 0.8538
0.901 2.7988
2.087 1.341
0.1142 0.0652
-0.0128 1.6114
2.0878 1.6146
0.7024 1.0234
0.182 1.0912
-0.0016 1.6928
0.5292 0.9658
1.9502 0.9864
0.9428 0.0172
0.7986 1.9116
1.9774 1.5088
0.053 1.032
2.0478 0.1538
1.2642 -0.0142
-0.014 1.9222
2.0404 0.31
1.648 3.0302
0.1036 3.0232
0.286 2.0568
2.0164 1.6966
0.9744 1.9202
0.0158 0.313
0.2336 1.9914
0.5854 2.0062
1.0562 0.5938
0.0816 1.6588
0.0824 1.298
1.089 3.032
2.0654 1.5312
0.9028 1.5624
2.0692 1.285
0.916 1.589
1.0652 1.5416
0.301 0.0562
0.2182 2.0278
1.5106 2.934
0.753 0.9592
2.0954 0.1166
-0.0168 0.0634
0.963 -0.0322
0.8668 0.007
1.974 2.8786
0.7488 -0.005
1.0194 2.8706
0.0112 2.0606
1.3048 1.0724
1.0212 1.8776
1.2678 2.9448
0.9192 0.4212
0.6688 3.0258
0.9966 0.9274
1.8132 1.9608
2.0706 1.74
1.0338 0.7466
1.2652 3.047
1.9618 2.0118
1.5354 3.09
0.8108 1.9462
-0.0896 2.632
1.9222 0.1718
0.2344 2.0814
0.3676 1.9046
-0.0332 0.2452
1.3058 0.9966
1.846 0.008
1.4646 0.0288
0.9062 1.3086
0.4834 0.0702
0.9892 2.0946
0.0216 1.1202
0.9674 0.1816
0.07 1.9246
1.0926 2.8466
-0.0812 0.1634
0.9604 1.1814
1.8974 3.0686
0.941 2.8552
0.931 0.3482
0.8108 0.9378
1.2326 2.9134
2.062 0.5246
0.9442 2.7906
0.0416 2.0854
1.9608 1.083
1.552 2.0058
0.6822 3.068
0.3534 2.001
-0.0352 2.471
1.2038 2.987
0.073 2.179
1.7878 -0.0756
1.9012 2.1954
1.9044 1.9916
1.9836 0.236
1.0394 2.0422
0.7358 3.0538
0.3144 -0.081
-0.0374 2.2266
1.6162 0.0208
0.9054 1.1942
0.6174 0.9756
0.0798 1.8128
1.9752 0.742
1.9982 2.6534
2.0268 1.1224
1.546 2.978
0.4996 0.0784
1.5146 -0.0082
1.9316 2.771
0.0168 0.7792
1.1816 2.9616
1.4372 1.039
0.0976 3.0894
1.0036 0.419
0.0564 1.1794
0.0942 2.0696
2.0786 1.5642
1.919 1.587
0.9984 0.2954
1.7472 1.004
1.2056 0.9876
2.0736 2.2446
0.9206 2.4968
0.9482 1.9154
0.1806 2.9994
0.9362 2.8478
1.147 1.9482
2.0332 2.6446
0.157 0.9118
1.8068 2.9914
1.969 1.8372
0.853 3.046
1.0708 1.676
0.0656 1.8174
1.942 0.6562
0.4508 2.9196
1.9156 0.4778
0.0618 0.6734
0.0738 0.1526
0.5594 1.9384
0.55 -0.0582
0.9444 0.808
1.0672 -0.0288
1.9744 1.885
-0.0938 1.7
2.0742 1.66
1.0148 0.495
0.3966 0.9094
1.9598 2.4244
1.1828 1.9818
0.1776 2.0418
0.936 1.7048
0.9454 0.922
1.7254 3.0244
1.0432 2.8718
0.099 1.5518
0.953 2.1596
0.9184 0.3002
0.0118 0.9446
0.9908 2.038
2.0196 2.5258
0.0486 0.7486
-0.0934 2.8188
0.1864 1.0346
0.419 0.0616
2.0236 1.1336
1.9456 2.5994
1.5154 0.9976
1.7038 2.0732
1.529 0.0874
1.6524 2
-0.0406 1.428
0.8084 0.0518
0.951 0.4876
1.0734 2.0972
1.11 3.0344
-0.0466 1.4696
0.0496 1.4338
0.2886 1.0898
1.2366 1.048
-0.0558 -0.019
0.9274 1.303
0.962 0.572
0.5082 2.0312
0.9422 2.0582
2.013 -0.0036
0.2762 3.0296
0.1264 3.018
2.0516 1.0704
0.6336 2.0898
1.5404 3.074
0.99 1.6152
1.989 1.3082
1.6534 3.0086
0.5334 1.086
0.0606 0.1068
1.9416 1.0488
0.1214 2.0212
0.5968 1.9984
2.0246 1.4248
1.975 0.1354
0.675 1.0158
0.8966 -0.0086
1.7206 3.0204
1.796 1.0554
1.608 -0.066
1.9824 0.5666
-0.0716 0.8894
0.0392 0.3436
1.0226 2.4886
0.9914 0.8014
1.0322 2.1212
-0.0952 2.5832
-0.0342 0.0418
1.7922 3.074
2.0388 1.4678
0.9416 2.157
1.934 0.7162
1.0378 2.9006
0.91 1.9918
2.033 1.4792
0.0946 3.0724
2.015 1.4376
0.9108 2.2956
0.0332 0.919
0.0356 -0.0236
0.0118 1.058
2.0936 1.8882
-0.0784 0.2704
1.5316 -0.0242
-0.0798 0.3792
0.1196 0.9656
1.9564 2.927
1.9986 2.655
1.7778 0.952
1.0106 1.4312
0.9662 2.0248
-0.0584 1.9734
1.7354 1.074
0.0638 0.0796
1.9438 0.8308
1.7754 3.0322
2.02 2.1486
0.6402 0.098
0.371 0.9716
-0.044 1.8622
-0.0906 2.1586
2.0896 2.3726
1.0142 0.474
1.9608 -0.0016
1.002 1.8346
1.5348 -0.0318
0.0816 1.3848
1.9618 2.6596
0.9636 1.1508
0.748 0.9774
1.0362 0.5094
0.9646 0.9864
1.051 1.646
0.8204 0.0644
1.3996 2.0146
1.0564 2.966
1.5112 2.9592
1.5502 0.9556
1.9268 0.4764
0.972 0.677
0.9358 1.2422
1.937 2.24
1.9616 0.7418
0.7704 2.9914
1.0052 1.5312
2.0334 2.0768
1.0544 1.0246
0.0024 1.5888
-0.088 2.0356
2.0492 1.3106
0.9322 1.9114
1.0644 -0.0618
2.0032 1.0812
0.871 2.0768
1.7822 0.0152
1.0934 2.2472
-0.0522 0.3158
1.919 1.4994
1.9472 0.9016
1.056 2.8994
0.415 0.9338
1.0824 2.3242
0.6038 0.02
0.7558 1.9742
2.0576 1.517
-0.0054 2.2616
0.0704 1.069
1.9478 0.1964
0.9404 1.938
0.316 -0.008
0.9686 0.9238
0.9232 1.2568
0.9946 0.6612
0.4936 1.0418
2.048 0.908
-0.0566 2.8272
0.3384 0.0878
1.9766 0.0054
1.7446 2.9208
0.0794 2.2006
-0.0736 1.083
0.939 2.0264
0.0516 1.8108
-0.0452 2.7594
0.081 1.01
0.0972 0.7436
1.0932 0.573
1.0802 1.9288
1.0312 1.0548
0.1132 3.0862
1.8792 0.9634
0.4022 0.0404
1.9782 2.8304
0.0576 1.2146
-0.029 1.4566
1.0524 2.5844
0.1974 3.0822
1.0078 2.6092
1.08 1.402
0.9978 0.3498
1.927 0.3634
1.2192 2.9714
2.0524 0.7788
0.0672 1.9106
0.0842 0.0574
1.5696 3.0716
1.679 3.0008
0.0354 1.2416
2.0402 0.95
-0.0156 2.6988
1.1766 2.0074
0.3502 -0.0246
0.1642 1.0498
0.9014 3.0298
0.6466 -0.048
1.0598 0.5978
0.349 -0.055
1.0154 1.559
1.0244 2.9778
1.9884 0.114
1.947 0.4338
0.901 -0.0034
1.3904 -0.0538
1.745 2.9952
0.0124 0.4356
1.0374 1.614
1.9198 2.5398
2.08 1.883
1.9714 2.7478
1.935 1.8702
-0.0606 0.1012
-0.0942 2.4762
0.546 1.9352
2.0382 1.0216
1.7606 -0.0914
0.4192 2.9086
-0.0544 1.7506
1.8612 0.038
1.0714 1.5092
1.0882 0.4922
1.779 2.913
0.9432 1.5816
1.796 -0.028
2.0514 1.1482
0.9982 2.7932
1.9958 2.9212
1.4426 1.9994
-0.099 2.3432
2.0848 2.481
0.1114 0.9822
-0.056 0.5542
1.0032 2.39
2.0948 2.6472
1.0768 0.6196
1.0006 1.629
1.0372 1.7068
1.0142 3.0618
2.0058 1.106
1.094 1.7688
1.4556 1.9084
1.0944 1.1622
2.095 0.4718
2.0342 1.485
0.911 2.8066
2.0636 2.0496
1.628 1.0016
1.8006 -0.0478
0.1414 -0.0518
1.013 1.1584
0.4504 2.9422
-0.0668 2.9054
0.9982 1.2366
1.7358 1.0658
1.7728 2.915
-0.0858 1.2888
-0.066 1.8256
0.3778 0.9272
0.4838 -0.0176
1.1998 0.9384
-0.041 0.0924
1.4 1.9212
0.2122 0.0096
0.958 1.6678
0.9026 0.947
0.3332 1.0242
-0.088 1.6034
0.9346 2.398
1.0298 1.9116
2.0618 0.1706
0.1368 2.9482
1.145 1.9876
1.0338 1.202
0.513 -0.043
1.6166 3.049
1.7724 3.0192
0.5038 3.0412
0.0148 2.7808
1.9126 1.17
-0.0012 -0.0492
0.8922 1.0342
-0.0548 1.0672
0.0558 1.0404
1.061 1.0092
0.0192 2.9494
1.9268 2.067
1.189 2.9294
0.6448 0.0282
1.832 -0.1
0.4098 3.0514
1.9732 2.6586
1.0086 1.016
1.9698 2.0356
0.9288 3.05
0.916 0.6934
1.3614 3.0554
0.733 2.909
0.8576 3.0084
0.0152 2.2002
1.5504 1.9458
0.3816 -0.049
0.0232 2.8958
0.52 2.9126
1.451 3.081
1.3006 -0.0858
0.9006 1.088
1.2978 0.9106
0.9674 1.5424
0.9688 1.6594
0.0748 1.8416
1.9362 2.8898
0.975 2.0044
1.2184 2.9176
0.0322 2.4482
0.927 2.1618
1.0196 1.6648
1.0818 1.924
1.8118 0.941
0.2108 2.963
1.9424 1.5048
-0.0274 0.5194
0.5332 -0.0352
-0.0322 0.2882
-0.097 1.6844
2.078 1.6148
1.4946 -0.0664
1.8174 -0.0672
1.3206 0.9196
0.5004 0.0438
0.916 2.145
1.0512 -0.0618
2.0864 -0.0316
1.3962 0.0174
1.6038 3.0832
1.3442 0.0682
1.766 1.9494
1.3058 2.9398
0.9458 2.353
0.0726 1.9816
0.9916 1.8666
1.979 0.7978
0.0588 1.0596
2.0016 2.4846
2.0716 1.5358
-0.0298 2.8136
0.0972 1.0726
-0.0478 0.0678
0.9994 1.5738
0.2064 2.965
0.025 0.8852
0.2296 2.9294
0.078 0.1952
1.9202 2.8894
0.3686 1.942
2.0228 0.513
0.3258 2.0464
0.029 2.9218
2.0302 0.4626
0.255 1.0068
1.6348 0.921
0.0154 2.3362
1.165 2.076
1.3232 1.9182
0.6436 1.081
-0.053 0.9532
1.0606 0.31
1.8598 3.047
1.9638 2.9472
0.9216 1.9424
1.7302 0.9896
1.7066 2.0914
0.938 0.877
1.9438 1.853
1.9974 1.6798
0.0754 2.634
-0.0228 0.9274
0.1552 3.0154
0.9658 2.9166
-0.0492 1.9356
0.948 2.1396
1.6522 -0.0404
1.6872 2.0262
1.061 2.721
-0.0622 2.7076
2.0968 0.3656
-0.0562 1.5258
1.2214 2.9684
1.0468 1.0822
0.9866 1.321
0.8596 2.9604
0.6182 2.9096
1.9076 0.9496
1.0942 1.1856
-0.0268 1.2212
1.2584 -0.071
0.9562 1.2702
1.0856 0.745
0.0186 0.2866
1.9722 2.7842
0.477 1.0736
1.5476 0.9882
1.4414 1.0358
0.723 2.9772
-0.07 1.4328
1.0094 3.0932
0.918 0.9104
0.082 1.9588
2.02 2.469
0.3854 1.9936
0.932 2.655
0.3986 -0.0394
0.1074 0.9648
0.3106 0.9614
1.8598 1.0842
0.1232 0.9954
0.9572 2.1046
0.0924 -0.0306
0.6022 1.016
1.0918 0.4966
1.181 0.0208
1.4878 1.0132
1.6724 1.0854
0.0728 -0.0156
0.0596 2.1732
1.7606 2.053
1.1506 -0.0788
0.8378 0.0414
1.9866 0.5606
0.9032 0.925
0.0936 0.0568
0.376 3.083
0.0136 1.3634
1.9478 2.0746
0.0682 2.2762
0.6568 0.064
0.917 0.2244
0.852 0.925
1.791 1.0122
1.0658 1.885
0.8744 2.9624
-0.0196 1.9894
0.4542 2.0228
0.914 2.6118
0.956 1.099
1.9112 0.0402
1.0606 0.4732
0.0774 2.7598
1.0636 1.7606
1.0586 0.5996
0.4632 2.0812
0.6538 1.0916
1.9796 2.2616
-0.0322 1.2354
-0.0434 1.3678
0.9826 1.7428
0.6764 3.0036
0.4292 1.9182
-0.0956 2.7544
-0.0238 2.5212
1.9876 1.639
1.262 2.9374
-0.0674 0.628
1.1314 0.0054
-0.0362 1.5848
0.4518 1.985
0.0788 0.9902
0.0936 1.1326
0.666 3.0612
2.095 1.6418
1.9594 0.3744
1.7908 2.0006
-0.0722 2.344
0.9622 1.2434
1.0984 1.2618
0.0854 2.9912
1.164 2.069
1.935 2.5002
0.1718 1.0816
2.0524 0.2354
2.0946 0.942
0.6258 2.9322
1.4942 -0.0348
1.4334 0.903
0.0368 2.799
2.0008 2.1952
1.9338 0.476
0.9476 0.096
1.9536 1.2282
0.6388 1.0896
0.6692 -0.0542
2.0558 1.482
1.467 1.9174
0.9064 2.1832
0.149 0.0424
0.4818 3.027
2.032 0.5468
2.0924 1.2944
1.95 0.597
0.0716 0.9278
1.9714 1.7164
0.6152 3.0236
0.8976 1.0504
1.3344 2.0548
2.0366 1.3646
0.3142 1.9388
0.189 1.9558
1.0272 -0.0616
0.047 0.3906
0.5234 1.9014
2.0972 0.184
1.9592 2.54
1.9216 0.0032
1.0842 1.4842
0.9938 1.0476
0.0434 2.41
1.0832 2.8472
0.4102 3.045
1.901 1.1168
0.358 1.9944
0.9488 2.992
1.5904 0.935
1.2498 0.0242
0.004 0.9172
1.2948 3.0658
0.951 2.841
0.2242 2.9598
0.98 2.2744
2.0832 0.3878
1.974 0.4676
0.5392 1.9362
1.2038 2.9738
0.983 0.9712
0.055 1.5082
1.0124 2.688
1.922 2.6008
1.9394 2.0608
0.7862 2.9116
1.1486 2.948
2.0334 2.8694
2.0102 0.9636
-0.0648 2.953
1.2288 -0.0792
-0.0388 0.9904
0.0006 2.4032
0.0824 1.5248
1.2168 1.9628
2.0546 1.0064
0.079 1.478
1.9368 0.9986
0.8936 2.0418
1.091 2.9202
-0.0518 1.2822
2.0642 2.6904
1.6008 2.031
1.909 2.2604
2.0088 0.5774
2.0394 0.7056
1.1734 0.0162
1.9834 0.2554
0.8088 2.0028
