-0.0373776 0.4042
-0.5378 0.00221219
0.4976 0.233295
-0.411462 0.5406
1.5792 1.05923
1.487 0.844859
-0.240182 -1.5348
-1.5872 0.205305
0.0988596 -1.451
1.36945 -1.4224
-1.4972 -0.963619
-1.5928 -0.700962
1.15374 -1.27395
1.4232 -0.368122
-1.461 -0.739234
1.29065 -1.15121
0.549834 1.511
0.439748 1.4458
-0.740061 1.48
1.5174 -1.48577
0.4606 -0.120704
1.12808 -1.5968
0.637429 -1.468
1.4748 0.348703
-1.5144 -0.627749
-1.5894 0.249119
-0.331998 -0.4146
1.4586 -1.18388
-1.4746 -0.0170801
-1.42117 1.5098
-1.00656 1.476
0.5892 -0.238846
-1.5794 -1.1485
-0.479052 -1.4986
0.560015 -1.5332
1.4708 -0.502379
-1.4826 -1.45042
-1.38241 -1.4882
-1.4944 -0.75732
0.631404 -0.768582
-1.4234 -0.555578
-1.5838 -0.75212
0.675462 1.5534
-0.0485348 1.4362
-0.249234 1.4274
0.5316 0.301138
-0.491 -0.110245
1.37579 1.573
-1.556 0.518118
1.29672 1.459
-1.476 -0.703206
0.673105 1.4286
1.5208 -1.26368
0.0396141 -0.5294
-0.489 -0.263472
0.4166 -0.236674
-1.4302 0.795288
-1.439 -0.945547
-1.21906 -1.5022
-0.448761 0.4204
1.4858 -0.797992
-1.417 -0.944076
-0.411734 1.563
0.00446501 0.541
-0.5512 -0.0456447
-0.566276 1.482
-0.4126 0.330125
-1.5516 -0.325207
0.809657 -1.4176
0.854091 -0.885486
-1.474 -1.00299
-1.4986 0.245947
0.218878 1.474
1.5956 1.30286
-1.473 0.711731
-1.5126 -1.03719
-1.4588 0.182177
1.16134 -1.13758
0.726549 -0.724569
0.157074 -1.4728
-0.5884 -0.0824731
1.25978 -1.5006
0.10315 1.553
-0.925346 1.516
0.5958 0.253595
0.657272 -1.5546
0.411477 1.597
-0.931746 1.5576
1.4866 -0.257823
1.5566 -0.694178
0.904228 -1.5724
0.5022 -0.406345
-0.598933 1.433
-0.4172 -0.0240447
-1.5898 -0.46405
0.900982 -0.9485
0.359535 0.5376
-1.4114 0.834388
-0.388361 0.4782
1.42507 -1.451
-1.35694 1.421
-0.971493 -1.5072
-0.326162 0.5798
-0.753322 -1.5954
-0.123542 -0.5264
0.4706 -0.468202
-0.444538 -1.5404
1.414 -1.25476
-0.342405 1.4886
1.5538 -0.647293
-1.25907 1.5846
0.5326 0.0655817
0.893085 -1.526
1.43058 -1.33187
0.601401 -1.5554
0.084688 -1.4242
-0.00693485 1.5322
-1.4856 0.137548
-1.4102 -0.617963
0.644691 1.4928
-1.37409 -1.5796
-1.5254 1.29157
-0.5684 -0.469757
1.4852 0.262475
0.161479 0.4146
1.4108 0.642488
-0.5314 -0.140316
1.462 -0.248137
-0.860151 -1.4114
-0.25161 -1.439
-0.635461 1.5188
-0.948565 -1.442
0.558486 -1.4736
0.495572 -1.5894
1.5472 -1.23796
1.4604 0.0444475
-0.5436 -0.0617015
-0.109406 0.4954
-0.291077 1.451
-1.439 -0.143865
-1.5844 0.977273
0.5298 0.039939
0.523006 0.5136
-0.500626 -0.5946
-1.26953 1.5322
1.44054 1.4822
-0.303362 0.5716
-0.274405 0.4564
-1.5028 0.581432
1.509 -0.585022
-0.162863 0.5868
1.4494 1.55463
0.452 -0.138675
1.5508 -0.258123
0.519192 0.4786
0.993146 1.434
0.0173931 1.4964
0.4024 -0.551416
-0.970417 1.4604
1.39405 -1.5644
1.4906 1.06644
0.379213 -0.4694
-1.521 1.03277
0.4998 -0.357145
-0.258534 1.4178
1.5838 -0.422565
0.390898 -0.5656
1.20357 1.515
1.5462 0.341746
-1.4724 -0.552234
-0.529033 1.4186
1.5148 0.710273
1.07837 1.574
-0.5246 -0.197415
1.4168 0.472045
1.5844 -0.213194
1.5924 -1.55197
-0.0959633 1.4992
-1.25513 1.4482
0.4838 0.375123
1.5116 -1.38913
0.4934 0.29468
1.34025 -1.5136
-1.553 0.36239
1.31204 -1.2402
1.5926 -0.153309
0.4582 -0.385717
0.618729 -1.4152
1.3162 -1.3937
0.163445 -1.5514
0.437501 -1.4902
-1.16355 -1.5778
-0.438362 1.4664
-1.5606 0.365562
-1.4718 0.349976
-1.5012 0.156019
-1.4422 1.02927
1.4726 -0.466607
1.0455 -1.5024
-1.567 1.46466
1.477 0.118276
-0.965165 -1.4758
-1.0439 1.4574
0.327788 -1.5948
-0.372733 0.5932
-0.57338 -1.4006
1.26664 -1.28587
-0.998517 1.4876
0.147664 1.4136
1.32608 -1.18806
0.990037 -0.898113
-0.0670487 0.5028
-1.4544 -1.22603
-1.21053 1.427
0.627105 1.4842
-0.297362 1.4016
1.41572 -1.40384
1.36362 -1.48326
0.305273 -1.4004
-0.913793 -1.5794
-1.4028 0.00633413
0.100157 -0.5806
-1.18827 1.5336
-1.4322 -1.20672
-1.4638 -0.543278
-1.5716 -1.27349
-1.5972 -0.877791
-1.45427 1.4372
1.4858 -1.19349
-1.16986 1.5288
-0.0136487 0.5456
-0.4336 0.229197
-0.321282 -1.5136
0.373484 -0.5846
1.2943 -1.28893
-1.5704 1.17743
-0.4282 0.190969
-0.4908 -0.00153095
0.777014 -1.5706
0.0487078 1.4936
-1.4818 0.376675
1.5076 0.0896333
0.230373 -1.434
1.4728 -0.583022
-1.5836 0.720917
1.481 -1.33042
-1.5878 0.405362
1.32777 -1.29128
-0.180554 -1.579
-0.4772 -0.136773
-1.4964 1.35377
-0.677923 -1.4266
-1.4848 -0.24495
0.0969743 -1.4364
1.3813 -1.5498
1.408 1.33116
0.002322 1.561
-1.16918 -1.4332
-1.38133 -1.4096
0.435873 -1.5296
-1.4974 0.950859
-1.32316 1.4114
-1.4324 -0.694049
0.4852 0.197495
-0.0425348 1.5656
-1.5262 -1.07096
-1.4276 -1.49593
-1.4474 1.22433
1.448 0.764487
0.235102 -1.564
1.4022 -0.328851
1.5542 -0.95482
0.39467 -0.5578
-0.574095 -1.4288
0.4154 0.375709
0.0991022 -1.492
-1.455 0.448033
-1.46043 1.446
1.5754 0.139333
-0.360067 -1.5132
0.0206508 0.4154
-0.0570354 1.5998
-0.779736 -1.4692
-1.431 -0.534549
1.34027 -1.5712
-0.5776 -0.342901
0.571448 1.5162
-1.04773 1.4508
1.07455 -1.00949
1.5366 0.47526
-0.869446 1.4568
1.5862 0.343446
0.644253 -0.627565
-0.285299 -0.4558
1.2622 1.5186
0.912532 1.4308
-0.4724 -0.182673
-1.36971 -1.554
-1.4436 1.20583
1.405 -0.673121
-1.26448 -1.4912
-1.22942 -1.5166
1.27531 -1.20602
0.581038 -0.629686
1.03987 -1.04835
0.393135 0.5262
-0.157777 1.5728
-0.623247 1.545
0.607241 -0.614312
-1.4402 1.00334
-0.972702 1.5362
1.17522 -1.05416
0.619834 1.5518
1.5204 0.311932
1.5936 -0.387336
-0.162234 0.5758
-1.4632 0.400489
1.428 1.0398
0.505792 0.5768
0.5214 0.405351
-0.632004 1.5798
0.5602 -0.248688
-0.5988 -0.0251736
1.4008 -0.564622
1.5222 -0.315566
-1.4066 -0.0563796
-1.4386 0.651074
0.453534 1.4888
1.15788 -1.07416
0.790412 -0.691982
0.4084 0.102782
0.788628 -1.5714
0.0508224 0.4504
-1.30813 1.4286
1.41807 1.5928
1.5694 1.17811
-1.4142 -1.48993
1.5064 -0.857906
-0.197348 0.584
0.4642 0.318981
-0.279605 0.5334
0.849875 1.446
1.5444 -1.12643
-0.4 0.109069
-1.5446 -1.18533
-1.05662 -1.5266
0.111336 0.543
-1.5448 1.35244
0.0691289 -0.4842
1.561 -1.33393
-0.254324 -1.431
1.01534 -1.5588
1.4602 -1.32268
1.599 1.20606
1.18547 -1.15832
0.176142 -0.5966
-0.655661 1.5066
1.461 1.15289
-1.5832 1.38301
0.523803 -0.430748
-0.349205 0.5602
-1.4202 -0.32185
0.630015 -1.448
0.994532 -0.883375
0.839833 1.4954
1.4722 -1.06385
-1.4784 -1.4769
-0.5836 -0.369629
-0.5602 0.126726
-1.11299 -1.4908
1.573 -0.290437
0.235142 -0.4134
0.70966 -0.637535
-1.0513 1.4578
0.5596 -0.393602
-0.0725633 1.4034
-1.5856 0.100134
1.0993 -1.406
1.5 -1.5282
-0.5796 -0.478143
-0.208106 0.5818
-1.5022 -1.44809
1.4142 -0.478908
-0.347619 0.5224
-1.37898 -1.424
0.106699 -0.4354
-1.4356 -1.08456
-1.4456 0.358905
1.01356 -1.5906
0.770239 -0.896952
-1.5192 -1.09766
1.47521 -1.47069
1.01597 1.4046
-0.574719 1.4676
1.1078 -1.4578
0.883004 1.4766
-0.41269 0.45
0.30837 -0.575
-0.108283 -1.5674
-1.5656 0.286162
-0.758261 1.4346
0.786663 -0.780724
-1.5254 -0.694705
-0.121168 -1.4836
-0.226633 0.4892
-1.5144 -0.615477
0.595 0.381494
0.0612738 -1.4484
-1.4772 -1.35916
-0.73839 1.4666
-0.269334 1.5148
1.4714 -0.260423
0.808771 -1.4916
0.296178 1.5044
-0.0277252 -1.5112
-0.333381 -1.5006
1.4674 0.108175
1.4638 -0.269879
1.4442 -0.756406
1.545 1.38929
1.4888 0.512789
-1.4946 0.355333
-1.35157 1.483
-1.4558 0.445318
-0.0166968 -1.5896
0.855504 1.539
-0.573519 1.5264
-0.412696 -1.5758
0.151279 0.5992
-1.4708 -0.825305
-1.26352 1.5938
1.4094 1.36038
-0.5602 0.330425
1.56694 1.5762
1.24463 1.4488
1.4168 -1.22039
0.5434 0.224609
0.987511 -1.08651
1.5206 -0.451622
0.56 -0.228846
-0.784408 -1.4186
-0.414155 -0.4234
-0.108149 1.4832
-1.5266 0.216048
-1.1022 1.4374
-0.330463 1.5302
-0.0478399 -1.5534
-1.4886 0.155348
1.2207 -1.19779
1.05264 -1.00993
0.0300027 -1.4252
0.377706 1.5698
-0.42 0.0407696
-0.114156 -0.5826
1.4158 0.777501
1.21093 1.4838
0.583432 -0.53648
1.4632 -0.951748
0.794357 -1.5234
-1.5462 -0.0523227
-0.652823 -1.5348
-1.4696 0.538189
0.222657 -0.464
1.4118 0.0956475
-0.4846 -0.401658
0.337121 0.534
1.4152 0.755859
0.4074 -0.412174
1.405 -1.09232
0.630405 1.483
1.5976 1.10334
1.548 0.798716
-0.107335 1.5048
-1.5824 0.253733
-0.320553 -1.5208
1.5896 -0.374122
0.177102 -1.581
1.43245 -1.4492
1.538 0.585517
1.48029 1.4044
0.648514 -1.5526
0.028922 1.4088
1.4284 -1.55479
0.525227 -0.439243
1.5436 0.652317
-1.5028 0.299862
0.225693 1.403
-1.477 -0.561378
0.402692 1.458
-0.488781 -1.422
-0.107406 0.5302
-1.07571 -1.4404
-1.5912 -0.973662
-1.29636 1.5072
-1.475 -0.205722
-0.267362 0.5914
1.19244 -1.1882
0.524813 -0.550269
-1.15735 1.462
0.998641 -1.5498
-0.847574 1.5018
1.22272 -1.1622
-1.5576 0.422833
1.4202 0.750287
0.4964 0.244766
-1.4758 0.486118
1.20986 -1.18723
-1.3105 1.4858
-0.111739 -1.5972
-0.754451 -1.4388
-1.02486 1.5332
0.799119 -0.722185
1.597 0.173804
1.4608 0.186404
0.925775 1.5096
-1.4012 -0.102523
1.18348 -1.4138
1.18557 1.5328
0.877728 -1.4832
1.18439 -1.21974
-1.4252 -0.10618
1.44 -1.168
1.01176 -1.5008
-1.4532 -0.168808
0.447 0.222267
-0.582655 -0.4952
-1.42925 -1.4574
1.4596 0.289646
0.4732 -0.259775
0.331715 -1.4658
-1.5342 1.17611
-1.5596 -1.40257
-0.80416 1.4618
0.473 0.457509
0.4294 0.289009
-0.106971 -0.4222
0.339642 -0.5542
-1.5284 0.253819
1.5528 0.158804
-1.31534 1.4246
-0.639004 1.4974
-0.716552 -1.4432
1.46053 1.5632
-1.5718 -0.577149
1.04172 -1.15174
-0.664451 -1.545
-1.418 -0.95189
-0.400195 -1.4802
-1.5476 0.519961
1.5832 -0.607521
1.38726 1.408
-0.250039 -1.5614
1.569 -0.832049
1.06748 -1.05108
-0.5168 0.435539
-0.488641 -0.5216
0.280435 1.4344
-0.0141927 1.4008
-0.354576 1.5472
-1.5832 -1.33999
1.42924 -1.55652
1.4818 -1.27798
-1.33299 -1.4166
-0.348167 -1.5214
1.55337 -1.5602
-0.5002 0.24614
1.499 -1.32833
1.4652 -1.27335
1.5746 -1.49819
-0.158711 -1.4976
1.4646 0.833044
1.5828 -0.0904947
-0.948417 1.4984
-1.41875 -1.424
-0.189362 0.497
-0.106068 -1.4836
-1.4286 -0.971633
-1.4446 0.987087
-0.428147 0.4368
0.4682 0.303066
1.5552 -1.03365
1.4998 0.74543
-0.990365 -1.4292
1.49969 -1.3594
-0.783623 -1.5624
0.546634 1.5564
1.579 0.0170048
0.5074 0.193152
-1.4576 -1.22077
-0.5084 -0.477572
1.36269 1.4354
-0.478719 0.4584
1.00057 -1.4314
-0.484519 1.4286
1.21541 -1.30281
0.406027 -0.5812
-1.05366 -1.5054
0.5014 -0.461174
1.4898 -0.790435
-0.30711 -1.5864
1.20736 1.5994
-0.00538304 -1.5112
0.19937 -0.4666
-0.814865 -1.4608
1.4 -1.50557
-0.557352 -1.522
-1.5652 1.36
1.5948 0.378332
1.07341 -1.5526
0.971504 1.463
-1.4402 -0.0533654
-1.486 1.33174
0.790543 -0.685891
0.386464 0.551
-1.4212 1.039
0.717472 -1.5138
0.5014 0.198552
0.168836 0.4656
0.5526 0.223095
1.528 1.22357
-1.499 -1.08832
-0.0355634 0.5178
-0.712604 1.4578
0.085465 0.5652
-0.0653491 1.4956
-0.639533 1.4146
0.860647 1.5664
-0.647247 1.5002
1.12644 -1.4338
-1.4382 -0.437835
-1.4868 -1.0606
-0.933817 1.5996
0.722547 1.507
-1.4566 -0.964976
-1.10295 -1.4364
0.15085 1.5686
-1.4272 -0.272564
0.917242 -1.5496
-1.418 -0.77732
1.32598 -1.482
-1.5082 -0.633578
0.569015 -1.5878
0.827214 -1.5654
1.5304 -1.32989
-1.556 -0.31905
0.4926 -0.360559
-1.5954 -1.09582
0.248878 0.4706
0.82189 1.4396
-1.44962 1.5358
1.5734 0.648802
-1.4086 1.49447
1.13394 -1.5434
-1.53682 -1.5072
0.448977 1.5304
0.124007 0.506
1.4474 1.48941
-0.395841 -0.463
1.5326 -0.222237
-1.5252 -0.70492
-1.5464 0.492889
1.5756 0.17659
1.5874 0.312946
1.28472 1.453
-0.114521 1.5198
-1.446 0.925231
0.457224 -0.531611
1.404 0.169676
-1.5722 0.723745
1.5864 -0.423379
0.5266 -0.532631
-0.972488 1.4644
0.450132 -0.462012
-1.5046 -0.249379
1.4074 -0.687521
0.5162 0.397551
1.36683 1.5646
1.20977 1.487
-1.31608 -1.5532
-1.5254 0.531847
-1.00107 1.472
0.4308 0.494751
-1.5332 1.12617
-1.5198 0.97733
-0.4304 0.0268975
-1.5178 1.16806
0.998217 1.5148
1.29723 -1.4876
-0.338619 0.4316
0.119271 -0.468
-1.5294 -1.27549
1.45233 -1.57763
1.4954 -0.0359667
-0.494024 -1.476
1.11584 -1.5126
1.4854 0.804644
1.35598 -1.24596
0.859212 -0.990734
0.454 -0.0916468
-0.367484 -0.4412
-0.4454 0.243425
-0.896403 1.5422
-0.537 -0.350501
1.4214 0.897558
-0.40057 -0.5364
0.816576 1.5492
-1.4818 0.648561
0.45 0.572551
1.5116 -0.948692
1.4195 -1.44298
-1.11006 -1.5764
-1.03136 1.4834
-0.255148 1.4918
0.169121 1.5128
0.4284 0.165295
0.251885 -0.5818
0.5382 -0.203274
-0.27161 -1.5426
1.33703 1.4224
0.374392 1.4076
1.5212 1.38554
-0.326491 1.4106
-0.95645 -1.433
0.462249 1.5786
0.668375 -0.659324
1.20613 -1.4632
-0.463809 -1.5418
-1.4104 -0.315779
-0.4122 -0.4022
0.4192 0.428151
-1.4674 -1.40923
0.224793 0.571
-1.4854 -0.194679
0.286135 1.4948
-1.441 0.10232
-1.48003 -1.412
0.977824 -1.07484
1.5728 0.945772
-1.09172 -1.426
-1.12777 1.4686
-1.23794 1.4482
-0.433826 -0.4246
0.743933 1.407
1.00015 -1.03975
-0.394896 -1.544
1.4024 1.28123
1.4534 0.834287
0.347898 -0.5768
1.26623 -1.4232
1.484 -0.278451
1.5274 -0.589236
1.4592 -0.0311383
0.885941 -1.01775
0.663658 -1.5152
1.51014 -1.40521
0.960427 -1.4084
0.5876 0.285524
1.4488 0.658559
0.592 0.0595959
1.4088 1.47258
-0.0727536 -1.5654
0.39552 1.5534
-0.229899 -0.5164
1.4746 1.32111
1.5928 -0.0558804
0.828574 -0.86591
1.01803 -1.5024
1.5188 0.238875
-0.897894 -1.505
0.965177 -1.03956
-0.399538 -1.5874
-1.4816 -0.545578
-1.5836 -0.605863
1.4108 0.845944
-0.5162 0.301882
0.417527 -0.432
0.116722 0.4816
-1.5722 0.473318
-1.4868 0.722032
-1.4958 0.748331
0.335963 0.5526
1.44376 1.4138
0.351307 0.4316
1.10675 -1.21649
-0.26482 1.5912
1.5382 -0.320894
-1.5 1.28081
0.578748 1.4036
1.578 -0.580607
-1.44458 -1.546
-0.11882 0.5512
0.966784 -1.4542
1.4878 0.00223326
-0.212653 -1.5514
-0.5698 0.198754
0.213931 -1.4662
1.4488 -1.44279
0.180731 -1.5686
-1.409 0.792674
-0.00883449 0.4902
-0.540323 -1.4118
-0.723094 -1.4156
-1.5188 0.776317
-0.0480285 -0.5282
0.4548 0.208124
1.4162 0.210775
1.5372 -0.963734
1.4368 0.172632
-1.08206 -1.4444
-0.275648 0.4128
0.437006 0.5536
0.438384 -0.558875
0.694357 -1.464
1.5044 1.30391
-0.894789 1.4682
-0.534676 1.4466
0.136074 -1.413
1.4052 -0.935506
1.5094 -0.30358
1.4228 -0.762063
-0.5536 0.236482
1.533 -0.184808
0.106843 -0.5288
0.172356 -0.4456
-1.4156 0.871174
-0.20547 -0.5722
0.871899 -1.4164
1.5016 1.38016
1.522 0.403732
-0.4654 -0.184744
0.454506 1.5226
0.4 -0.12736
1.44595 -1.57634
-0.552166 -1.5516
1.487 -0.831492
-1.28305 -1.416
-1.4952 0.93333
0.5504 -0.0780468
-1.31386 -1.4654
-1.41782 -1.4882
0.0512792 0.4548
0.361921 0.4992
-0.605818 1.5172
-1.0239 1.5206
-1.5266 0.652874
0.546632 -0.643081
-1.592 -0.767991
-0.183263 1.5886
-1.5878 0.523761
-0.4676 -0.491586
1.18207 -1.4066
1.5116 0.815659
-1.5534 0.568975
0.83519 1.498
0.599705 1.5628
-0.652975 1.4134
-1.5204 -1.1212
-0.230884 -0.4276
0.862727 -0.935135
-0.0646061 0.407
0.593412 -0.590018
0.775 -1.57
0.238213 -0.4054
1.54037 -1.467
-0.512876 1.5708
1.539 0.642016
1.4334 0.623702
-0.485753 -1.4602
-1.4154 -1.2539
0.803647 1.5218
-0.892908 -1.5134
-1.5508 1.41604
0.0922499 1.5446
-0.411524 -1.576
1.566 -0.599693
1.5746 -1.07212
-1.4986 0.000677272
-1.5706 -1.11918
-1.21843 1.461
1.4892 0.764487
-0.228806 1.455
-0.5426 0.334211
-1.5432 -1.15629
-0.191506 0.5462
1.33802 -1.40619
-0.942464 -1.4138
-1.449 -1.36023
0.85869 1.4178
-1.19298 -1.455
-0.631695 -1.561
-1.5242 0.402004
1.5548 0.121719
1.537 0.679945
0.169331 -1.4424
-0.445 0.404968
-1.23472 1.5442
-1.5344 1.33806
0.770614 -1.48
1.5018 -0.685478
-0.0754638 1.5282
0.860257 -1.5358
0.942883 -0.805987
1.26221 -1.5262
0.53 0.338209
-0.5404 0.179126
1.4424 0.877001
1.5708 -0.230408
-1.5136 0.185505
1.09031 -1.4672
0.580914 -1.4544
0.951106 -1.03483
-0.391419 1.4928
0.154817 -1.512
-1.4624 -0.466235
0.5036 0.355009
-0.840574 1.4614
1.5598 -0.578721
0.0127743 -1.5798
0.4966 -0.044132
1.42296 1.575
1.51953 1.4764
-1.5534 0.0709341
0.137217 -1.4034
1.4868 -0.619135
1.5738 -0.776564
-1.5072 -0.0587796
0.5536 -0.495631
1.5896 1.03322
1.13131 -1.5724
1.07819 1.4794
-0.920974 1.5412
0.00214307 -0.4752
-1.33772 1.4206
-1.4518 0.957031
0.439463 1.4284
1.38835 -1.40306
0.668472 -1.446
1.06341 -0.98535
0.98242 -0.892476
-0.392538 -1.4234
1.08627 -1.503
-0.320538 -1.4174
1.571 0.692559
-0.0788771 0.5792
0.0104792 0.4584
-1.36073 -1.4534
-1.593 -1.0037
1.04746 -1.525
-0.0590771 0.407
0.667933 1.4414
-0.5348 -0.458786
0.930913 -0.918185
0.4596 -0.380903
0.0204082 0.422
1.5118 -1.48276
0.18605 0.4892
-0.464 -0.215415
-0.172042 -0.488
0.691171 -1.4768
-1.5416 0.333719
-0.646232 1.5922
-1.5592 1.38009
0.991417 1.4624
-0.476038 -1.5168
-1.5206 -1.57292
1.484 1.13026
-1.44798 -1.519
-0.558166 -1.5856
-0.652561 1.5562
0.942368 -1.02439
-1.4848 -0.185808
1.02606 -1.04953
-1.5412 1.46446
0.463541 -0.594
0.241213 -0.5166
1.5454 0.242333
1.13273 1.4392
1.33837 1.583
0.4828 0.176895
0.751919 1.5156
-1.4592 -1.5327
-0.287548 1.5658
1.1965 -1.10175
-0.972502 1.4286
-1.49862 1.472
-1.443 1.295
1.4662 -1.24326
1.33744 -1.4708
0.5598 -0.170375
0.516539 -0.631939
-1.5014 -1.38287
-1.4628 -1.08872
-1.1237 1.4352
1.5856 1.0299
1.56056 1.5424
-1.5588 -1.4991
0.5482 -0.254603
0.634232 -0.536934
0.781657 -1.5346
-0.4968 0.0372122
0.701175 -0.794513
1.17258 -1.5932
0.444498 -0.5762
1.3427 1.4676
-0.0216496 1.53
1.4042 -0.654264
0.5482 0.165824
-1.5876 -1.3103
-0.609832 1.4174
0.858283 -0.755328
1.5446 -0.15538
1.4656 -0.741792
-1.09307 1.431
-0.4344 -0.147887
-1.03307 1.5904
-0.561824 -1.5304
-0.4414 -0.214916
0.215142 -0.5488
-1.4454 -0.0442222
0.436 -0.219888
-0.433612 -0.563
-0.0102711 -0.408
-0.868503 1.4692
-0.372124 -1.5888
-1.37539 -1.4818
0.223579 0.4242
0.614691 1.4716
-0.359998 -0.504
0.401863 1.5188
0.579725 -0.63205
1.411 0.560203
-0.0834854 -0.5676
1.568 0.16499
-0.463248 1.5026
1.5432 -1.36017
-1.5588 1.25979
0.484149 0.4002
1.4918 -0.453765
-1.4292 -0.193079
1.4974 1.17857
1.16653 -1.13457
1.38757 -1.5992
1.5064 -1.00086
-0.422161 0.5658
-1.5082 0.426075
0.567043 -1.4392
-0.20502 1.5858
0.559958 -1.4296
0.563259 -0.704114
0.498 0.405023
0.641748 -0.699447
0.562686 -1.5402
0.492 0.178952
1.5902 -1.41156
0.5424 -0.300545
-0.5442 0.225569
-0.265524 -1.5742
0.206556 -0.5394
1.4284 -0.148523
-1.28336 -1.448
-0.218667 -1.4358
1.24313 1.5684
0.43973 -1.5766
-1.4264 -1.32126
1.517 -1.27605
-0.791118 1.5968
0.4148 0.231595
-1.5194 -0.425621
1.07823 -1.4694
0.4578 -0.343759
-0.830393 -1.5282
1.5296 -0.799077
1.571 1.39596
1.503 -0.136624
-1.4576 -1.51012
1.4994 -1.31108
0.4054 0.26031
1.424 0.246289
0.855385 -1.4852
0.139716 -1.519
0.4494 -0.133375
0.935651 -0.880779
1.23062 1.481
0.4272 0.384309
0.300349 0.562
1.4646 0.221961
-0.4578 -0.0140731
0.00989358 1.5912
-1.5434 0.720145
0.0747789 1.4946
1.31961 -1.19544
1.5794 -1.34103
0.5742 -0.285832
1.4416 1.21163
1.4094 0.953201
0.218759 -1.4532
-1.5934 1.11866
-1.499 -0.829405
-1.06785 -1.4654
-0.33217 -0.5782
-1.499 -0.776205
1.5498 -1.42709
-1.11296 1.4746
-0.721752 -1.4066
1.441 0.877201
0.333427 -0.4714
-0.0338683 -1.471
0.5848 -0.30566
0.5054 -0.553245
1.36507 1.5504
-0.127354 -1.5598
1.4468 -0.25978
-1.532 0.80976
-1.4002 1.30623
1.5068 0.54586
1.5582 -0.0850094
-0.283938 -1.4172
0.197331 -1.4948
0.919875 1.4974
-1.4066 1.12982
-0.879532 1.5372
-0.781522 -1.4382
-0.713575 1.5348
-0.4586 -0.0718731
-0.0427633 1.4378
0.383806 0.5104
-1.24483 -1.5822
-1.39184 1.5062
1.4766 -0.734378
-0.955803 1.4976
1.23716 -1.5242
-1.42975 -1.4086
-0.0131206 1.5638
-1.5506 -0.0462943
1.49534 1.587
-0.446561 0.4054
1.4196 0.293832
0.876415 -0.99634
-0.0707775 1.5986
0.131217 -1.4246
0.440698 -0.4458
-1.03191 -1.5652
0.546648 1.4568
-1.4166 -0.59542
0.786461 1.5168
-0.563248 1.4652
0.293416 -1.5254
0.4786 -0.497202
1.39371 -1.4072
0.5148 0.389123
-1.4912 -1.54029
0.572643 -0.615353
-0.4754 -0.19893
1.15149 1.415
-0.829275 1.5986
-0.570509 -1.565
0.911882 -0.852768
-0.0994399 -1.4456
0.0114027 -1.4052
-0.525048 1.418
-1.411 -1.27129
-0.0247348 1.4806
-0.995803 1.5744
-1.41 -0.338179
0.475 0.194881
0.439992 0.4428
0.266099 -0.4188
0.4752 -0.239375
0.646597 -0.507721
-0.361482 -1.517
1.4842 -0.831649
0.486349 0.5028
1.32256 -1.18708
0.4864 0.373094
1.51155 -1.50165
0.739691 1.477
0.396749 0.4418
1.467 0.78243
-0.231762 0.5926
0.397306 1.587
0.56502 0.4946
-0.4244 0.272611
1.5212 -0.145123
1.5574 0.149347
1.479 0.389289
-0.5904 -0.282815
-0.472791 1.4668
0.158443 -0.4912
0.798885 -1.4384
1.42513 -1.5634
1.5306 -0.033852
0.39823 -1.521
-0.120585 -0.4832
-0.807261 1.4852
0.913271 -1.491
-0.4804 0.556382
-0.5664 -0.522743
1.589 -0.340223
-0.155506 0.476
-0.262049 1.4152
1.4276 1.03263
0.225379 0.587
0.509 0.0351106
1.05635 -1.16016
-1.31497 1.4532
-1.54183 -1.5964
-1.4538 -0.648963
1.5084 1.4252
0.340549 0.5454
0.663709 -0.560754
-1.4874 -0.423621
1.5796 -1.11589
-1.44 -0.504149
0.532458 -1.4154
-1.5538 0.377747
0.614177 1.5066
-0.941422 -1.533
-1.4626 -1.44487
-0.378705 1.5754
1.5576 0.341875
1.00816 1.4826
-1.07655 1.4912
-0.5684 -0.391986
-0.5168 -0.356357
-1.28309 -1.5928
0.220899 -0.5272
1.5106 0.676602
-1.12036 -1.4132
1.5238 -0.430351
0.509 0.0575532
0.491115 -1.5316
-1.4436 0.696617
-1.5794 -1.3793
-1.40987 1.5144
-0.290962 1.5482
-0.249534 1.4136
0.0611078 1.4544
-0.142763 1.5716
-0.4252 0.095069
1.4186 -0.775863
1.4456 0.725644
0.229578 1.5954
0.34137 -0.4266
0.680073 -0.686861
0.146731 -1.5304
-0.698408 -1.5904
0.4438 -0.366945
0.4282 0.356795
1.471 -0.559207
1.12923 -1.4582
0.4766 0.24851
-1.5818 -0.185251
1.34815 -1.29894
1.4802 1.28419
-0.349805 1.4786
0.336321 0.5204
0.685376 -0.575633
0.114871 -0.4756
-1.50227 1.513
0.0209789 1.435
-0.961278 -1.5692
-1.1982 1.4598
1.4952 1.27627
0.51952 1.5316
1.4838 0.16269
1.495 -0.720093
-1.495 0.0161626
0.778228 -1.4834
0.5174 0.345581
0.290373 -1.494
0.916146 1.4956
0.757723 -0.648263
-1.10357 1.5664
-1.4384 1.08174
-0.357748 1.5296
1.13205 -1.03985
0.267749 1.486
1.5486 -0.257566
-1.5272 -0.387906
1.4396 0.802802
0.773905 -0.685658
0.535327 -0.4668
1.5928 -0.574464
-1.4218 0.0547768
1.5564 0.0344048
-0.265713 -0.509
0.714319 1.4994
-1.493 1.08457
0.5478 0.377438
1.4866 0.455003
-0.479019 1.5018
1.4092 0.397817
0.4098 -0.288217
0.36907 -0.4448
-1.4216 -0.325364
0.355236 0.4566
0.940099 -1.4574
0.33245 0.592
-0.299334 1.4916
0.5962 0.493337
1.5566 0.434732
1.31886 -1.41305
-1.18236 1.405
-0.78516 1.4544
0.391935 0.4986
0.335335 0.4954
-0.5296 0.514596
-1.5982 -0.803205
-0.990807 -1.5892
0.428659 -1.402
-1.4192 1.43549
-1.425 0.93033
1.4278 -0.047181
0.446659 -1.479
1.4926 0.133704
0.21625 0.4994
-0.5812 -0.360515
1.4548 0.882001
1.4108 1.12291
1.518 1.34197
1.5572 0.135904
0.629555 -0.568744
1.42694 -1.38734
-1.40662 -1.574
-1.5114 -0.283979
1.01784 -1.549
-1.4414 -1.2743
-1.5452 -0.94729
-0.264577 0.536
-1.32771 -1.5542
1.41327 -1.37395
0.5674 0.027739
0.4726 -0.191946
0.117789 -1.4086
1.4958 1.36747
-0.918603 1.496
-1.5286 1.38136
0.497405 1.5762
1.37584 1.5112
0.0553743 -1.5838
1.519 -1.28143
1.4544 -0.833835
-1.5284 0.550361
0.28163 -1.4338
0.5034 0.165766
-0.0688345 0.5106
0.849647 1.4656
-1.5256 0.16609
-0.439191 1.5752
-0.196391 0.4306
-1.5728 -0.300936
-1.44 1.05397
1.4534 0.0774475
1.19719 -1.13411
0.949513 -1.5074
-0.4178 -0.333044
1.4756 1.288
1.4194 -0.726164
-1.4754 -0.493749
1.4526 0.985486
0.0260366 0.5424
-1.497 0.178634
1.5168 -0.335308
-1.5458 1.40643
-1.39664 1.429
0.554 0.0842243
1.4472 -0.977048
0.991542 -1.4548
-0.4412 0.122497
0.5866 -0.0636752
-0.319991 0.4374
0.850848 -0.960874
1.49353 -1.4294
-1.581 -1.20728
-0.533723 -1.4198
1.5396 -0.651464
-1.4972 0.542089
1.15589 -1.14062
-1.545 0.470261
-1.15501 -1.4106
0.983475 1.4234
-1.495 -0.99629
0.136436 1.417
0.869913 -1.5056
-1.4634 1.26366
-1.5046 0.693517
-0.753794 -1.5618
-1.4446 0.539789
1.4962 0.531231
-0.864118 1.439
-1.4004 -0.0883938
1.4188 0.57406
-1.4874 1.52827
-1.411 -1.02878
0.695508 -0.749814
-1.29512 1.4204
-1.5496 -0.11118
0.4928 -0.0394468
-0.4502 -0.384529
1.4664 -0.0374804
-1.486 -0.345193
-1.515 -1.10615
-1.5142 -0.653034
0.139507 1.5018
-1.5166 0.926087
-0.495652 -1.4572
0.434558 -1.5042
0.271606 1.5982
0.180874 -1.5604
0.5492 0.256409
0.426473 -1.5546
-1.486 -0.323364
-0.4386 -0.222201
1.4056 -0.278837
-0.262842 -0.4062
-1.5714 0.42679
0.475477 1.5076
1.5198 -0.15778
1.4134 -0.943306
1.5334 1.07813
-1.4234 0.505375
1.5418 0.884187
0.726519 1.4232
-1.4266 -0.873377
-1.16042 1.5506
-0.236619 0.5564
-0.301534 1.4536
-1.26853 -1.4372
-1.5618 0.874216
-0.311748 1.492
1.4108 0.602031
-0.233305 1.5276
0.4494 0.010339
1.03574 -0.949469
0.4538 0.524965
-0.4558 0.394982
0.44753 -1.5944
-1.1332 1.5494
0.5404 0.25471
1.41224 -1.37632
0.5462 -0.464202
1.4256 -1.46496
-0.0352345 0.5006
-1.5372 -0.456363
0.362444 -1.52
1.4626 -0.288366
1.12805 -1.10005
0.287878 0.579
1.5424 -0.474494
-1.4272 -0.397364
0.132122 0.4794
0.5488 0.367337
-1.4376 -0.275379
0.5376 0.0161106
-0.0601633 1.527
-0.463181 -1.403
-0.0380711 -0.5644
-1.4092 -0.140808
0.535587 -1.448
0.920057 -1.5488
1.593 1.39383
0.184721 1.5462
-0.130027 -0.4276
0.42653 -1.4232
-0.154339 -1.4182
-0.0508683 -1.5716
-1.5972 -0.451549
1.35925 -1.27722
1.30176 -1.16967
0.705976 1.5942
0.645162 -0.632717
-1.4946 1.40843
0.136131 -1.4962
-0.257505 1.4
0.909384 -1.4324
-0.88736 1.565
-1.513 -0.953648
-0.4244 -0.396272
-0.696665 -1.5744
-1.5154 0.673703
1.5896 -1.46272
1.4838 -0.298279
1.5232 0.893172
-1.03772 1.5522
-1.4006 1.23462
0.564 0.272252
-1.5014 1.17677
-0.437662 0.4972
-0.0875252 -1.501
0.311749 1.4562
0.561774 -0.59317
-1.492 -0.895005
-1.4138 -0.346179
0.27743 -1.521
0.365013 -0.5
1.34146 -1.40199
-1.32051 -1.5142
1.5294 0.509603
-1.40445 -1.5824
-1.5956 1.22669
0.4186 -0.159746
0.0108508 0.462
0.5584 0.195053
1.07571 -1.117
1.4782 -0.98682
-0.369924 -1.4432
1.28213 -1.17295
1.4216 0.474845
1.578 -0.559864
1.4106 -1.06241
-1.545 1.05422
0.164464 1.4584
1.16371 -1.19086
1.5028 -1.45936
-1.50849 1.4512
0.184288 -1.5638
0.565327 -0.5724
-1.41 -0.0994506
-1.569 -0.866191
0.332021 0.4152
1.00952 1.4912
0.722277 -0.854081
0.760018 1.5876
1.495 -0.393122
0.130479 0.4084
1.5764 -0.831306
0.452972 -1.5556
-1.4262 1.08452
1.4826 -1.24266
-0.0348496 1.4746
-1.29195 -1.5272
1.2882 -1.37447
0.177359 -1.451
1.5878 -1.40139
-0.4922 -0.000873088
-0.405662 1.5776
0.947918 1.457
-0.90396 1.4804
1.5166 -1.55077
1.4872 0.32476
-0.218334 0.598
-0.417848 1.4196
-1.41859 1.541
-0.989074 1.5754
1.07823 1.5384
-0.4782 0.260997
-0.362984 -0.4002
1.1539 -1.05632
1.32668 -1.5944
-0.4754 -0.321101
-0.29332 1.4228
0.295335 1.4334
0.667171 -1.4596
0.4744 -0.451188
1.4968 1.29327
0.5126 0.261638
-0.223613 -0.4336
-0.218354 -1.5434
1.3272 1.5682
1.30983 1.5508
1.52 -0.485922
-1.5786 1.14436
-1.4394 -0.372764
0.802899 -1.4644
-1.5504 -1.17925
0.4782 -0.120217
-0.169549 1.431
1.5562 1.01702
1.2253 1.4014
-0.796289 1.5628
-0.59798 -1.4588
0.4724 0.417709
1.5376 0.738559
-1.5368 0.727617
-0.671218 1.4714
-1.4918 -0.91609
0.961827 -1.5104
0.5454 -0.538816
-0.5886 -0.472
0.398792 1.5864
-1.4858 1.34223
1.4972 -0.887649
-1.35684 1.4826
1.417 -0.678078
1.4814 0.464631
-1.4576 -0.492064
-0.0733348 1.4938
0.141236 1.5146
-1.5142 -0.697206
-0.311496 -1.4646
0.5302 -0.0138468
-1.55 -1.00288
-1.5658 -1.18572
0.283535 1.5626
-0.0606496 1.5808
-1.4668 -1.22875
0.4296 -0.449216
1.4286 -0.722535
-1.509 0.189363
1.5218 1.09131
-0.148135 1.534
1.54894 1.5106
0.0632454 -1.5408
-1.4424 -1.06966
0.0195032 -1.5708
0.351278 0.5142
1.20823 -1.26112
1.2815 -1.27754
-0.516347 0.439
0.971285 -1.5572
0.4002 0.211681
0.607777 1.4816
0.318835 1.5854
0.41 0.459137
1.4506 -0.911191
-1.26692 1.4466
-0.18932 0.472
-1.485 -0.268136
0.90717 -1.5684
1.4572 -0.442622
-0.0460399 -1.5648
1.4118 -0.557907
-0.0296496 1.5594
0.748476 1.415
-0.0860487 0.409
1.28723 -1.51
1.11893 -1.5514
-1.461 1.33811
1.4106 -0.612036
-0.346184 -0.478
1.17637 -1.1198
-1.549 -0.587749
-0.4258 0.0612264
1.4144 0.20959
0.4756 0.584765
0.407599 -0.5126
0.276899 -0.5062
-0.478841 -0.5156
-0.355484 -0.4016
0.759359 -0.831484
-1.05362 -1.5254
1.4398 -1.22699
0.671843 -1.594
0.4532 -0.469174
1.5072 -0.978306
1.06171 -1.4742
1.47573 -1.5316
-0.160749 1.4142
-0.0937633 1.5422
0.708114 -0.657203
-0.53 -0.210787
1.4052 -0.105395
0.753714 -1.4688
-1.4658 -0.633763
1.4554 -1.2556
-0.4758 -0.436472
-1.506 -0.368092
1.4294 -1.09063
0.187988 -1.4082
-0.423761 0.5358
-0.581176 0.5322
-1.23423 -1.5762
1.5268 -1.03041
-1.02869 1.5576
-1.433 -1.23836
-0.4386 -0.328272
-0.769336 -1.59
0.0571503 0.4514
0.396935 0.4244
-1.4124 0.967359
-1.5284 0.951202
1.4788 0.184547
0.528 0.291666
0.149936 0.4768
-0.0168069 1.5646
-1.594 0.475732
1.53654 1.418
0.874556 -1.5686
-0.415 -0.431529
-1.26567 1.4308
0.4502 0.332852
-1.31402 1.403
1.4184 -1.19299
-0.382781 -1.4948
-0.34771 -1.434
0.126843 -0.5864
-1.4836 0.150448
1.5252 -0.338736
-1.43419 -1.5334
1.492 -0.433151
1.1846 -1.09042
1.4702 1.22846
1.4676 -0.609535
1.4802 0.52276
-1.17562 -1.5598
-0.110349 1.5272
1.4564 -0.467193
-1.4666 -0.451692
-1.5922 -0.59102
1.13039 -1.11794
1.11423 1.5576
0.924134 -1.03727
0.159864 1.4858
-0.726865 -1.4966
0.140959 -1.4312
-0.838889 1.4866
1.4016 1.35853
-0.980864 -1.4974
0.411999 -0.5272
-1.4618 0.500447
0.146665 0.4626
1.589 -0.933277
-0.476241 -0.5892
1.20727 -1.5176
-1.5612 0.504675
0.842384 -0.837292
-1.4758 -1.036
1.4432 1.07786
-0.467104 1.5094
-1.21201 -1.4466
1.22493 -1.5762
-0.338482 -1.5868
-1.5086 -0.248979
0.308078 0.5508
0.0749076 0.4
0.134636 1.572
-1.5068 1.46741
-0.4614 0.465725
1.30126 -1.20538
1.474 0.929815
1.5434 -0.734949
1.4234 0.978187
1.5398 -0.538407
1.4816 0.432974
1.27807 -1.504
-1.4442 0.847703
-1.5924 -0.0291938
0.327901 -1.4456
-0.671489 1.4894
-1.4658 0.389047
-1.5948 -1.1305
